1648.
19. 11111.

21. 11111.

2. 11111.

11. 11111.
ente 13. 111111.

11. 111111.

11. 111111.

19. lulli. ’

24. 111111.

1588 ’ Kese 11111111 111 1111111.

10151. essue. 1111111111111111 1. 111-11.

'18150¹ Propositioner 111 111 11311111 1111111111 Agentes, 11111.11111111 13
111111 1111111 113111111 8111111111111111 med Dsnmerk. - 21. 1111. 1111. 11111131
1111113111111 11111111 S. 68.

118151. 81111111111111 Bessos 131111111111111 3111 111. 0111111111, 111. 11111
11111111, 1111111111111 13 Μ. 11111111111111111131 111 st 1111131 111.11.111.’1 11111113.
·— Ks'obenhaffn, d. 2. Iulii. 1111111, 11111111111111111111111111111111.11111113 8 48

*18151 111 1111111 1111111111 11111111, 1 11111111 111 1111311111111881111111.
1645, 1111 (1111111111 111 11111311 og 111111 1111111131 1111113 111 deses 01111111 -
Remulum, d. 8. sulii. 1111111 1113. 11111. 11. sss-202. 1111. 1111 11111. 1111111. 1. 289-90.

*18153. 1111 1111111111 811111111111 1111111111 111 111 111111113111 8131
11111111113111 11111113111111111111 1811111111 111 11111111111111111111131111111111 111
11111111 1111111111311 111 11. 11. mle 111311 med 11111111113181111111113113111 1 0111-

1111111.-Ῐ1118111111111118.]1111. (Tydsk.) 1111111111,1111011111113111.81111111113118111111-
11111111 111 8111111113-111111111 S. 81-82.

10158. 111111, Descriptio 81111111811-’11

*18151 11111 Vnus, 1111111111111111111, 1111 1111111113 111 11113111 11111·
1113118111113111111118111111111131 over reteget 1111111, 11111111 11111111 ef, 11 han
111111 mere myst til Avling· 111 1111111111, 11111 1111111 1111111311 111111. - 11111

Datum. 811111, 1 (1111111111, 1311111111. 8111111 1. 187. 1111 1111131113 111, 1181111111311 sr lost 111
11113111. 13 1111.

’18155 11. 111. 111. 11113111, 11 111 msa 111111 111111111111113111118111111111-
1111 18111111, 11 11111 11 11181111 1111113111 1111 13 [11111111111111 i 11111113. -
1). 14. Juli. 1111. 181111. 1. 11111 11111. 13 1111131. 111. 299.

*1815e [111111111111111111111111 in 1111111111(111111111811111111. - Hafm‘oe
111 emeterio, XVH. 111111. 8111111111 clete 1111111 8, 119-28.

’18151 11. ss 8111111111 Depeehe til Grev 1111111111, 111111 111 1111111, 1111111
1111 1111111113 1111111 1111111111 11111311111111111 11111111 11 sende 1131131111 1111111111
for st 1111318111111111 111 1111133113111 8111311113 11 11111 1111111311. - 1911111.
13111111.) 1111. Ι Gigas, 81118111111111 ds 1111111111 S. 18.

*18158. 11. 11. 111. 11111111Μ111111 111111 81111 11111111111111111111 1111111111

13 sende det 1111311111 Materiale 111 8111311111-81111111 11111111 111 11131. - 2111111.
1111. 1 8113811111 8111131, 1111111111 1111111- 1311111111 11111. S. 118. 8111111311 1111131111111 11. 0111111.

’18159 11. 111. 11131 8111111113 111 Gregorius Crsger 1111 81111111 13 Regi·
1111111111 11113111111111 131. 1111113111 131111111111 1111111111 11 1111111131 - 6οΜ-
1113111, 11. 21. Julii. (Tydsk.) 1113111111, [1111. 111111118131111111118111. S. 188-99.

’181611 11. 11. 111. 11111118111111111111111111111111 15 111111 111 1111111111 111
111111111118111111113, 111 sem det 11111111 11 1111111 111111 11111111 1111111111

811111 11 stille sn 11111 11 11111 200 111. 111, -1111111, 1. 22. 111111. neuen, 11111111.
111111111111 neumas. 1111113 812.

*18161 1111111111 8111111111 8111111111 111 1111131111111 1 11133111 131111-
11111 1131111, 111 1111 111111 1111113111 Mede i Mose 11111 1111 11111111111; 111 1111-

11111 1111, 11 hen har 1111111811111111111111 111 dem hes 1111311 og 1111111, 111111
111111811111111811111111111 pse den 1111311111111 111131 13 1111111 dem 11 1111111

 

