1801.
14. 1100111.

21. Deebr.

1668 1000 10000100 000 Το0010.

’19633 1011. 10000010 11100010 0131001000013 11010101 010 60000111 100 Gene-
10101010100, 0001011010000, 01 101110 1111011310101010110100 03 1111010 111 01 0011010ρο

810113. ··- Berlin, 14. Dec. (Tydei.) 111103310101111110. 10100010110001. 11011. Friedrich
wilheim ron 111001001013111. 114-15.

’19634 1. 10. 11130 30101103 111101 13110, 01 1100010110110011ωο01οη11010

01 011 1103110001 1 1100001010 000101 sem i 1110030101 03 11030110- 15. December.
Udi. 03 1110101. 1 81000, 1101 1111110129.

’19630 10100101100101 1010 1000010110 1101111100 111 1011. 01810010011013 010
hans 101100111030110011. 01810113, 1001 11001 100 03000 10110 1011010 1011101101 111

1100111011. - Berlin, 15. Dec. 11100111 Udi 03 1110101.111111.0.1010001.0 600011. 111011. 11101-
rich wilheim von 81001001013 vm. 136-38.

’19636 1110100 11010100 010110101 1011. 01 1110010011013, 0111011001 00 0010113
101000101101011110100 Danmerk med 6000 111001 03 00 0000113 110010, rnen 01 0101111130
Mediemmer 01 600010101010100 00100 ikke 1010 0131101 10100 00101130 3001010103. -
110119, 25. Dec. (Tydei.) 11110101000100000111.10111110111011111110110100810010000131111 111,

’19631 1.10.111.’0 10101103 111 ioh. Chr. 1. 1111111 001 01 00010 00 11000010 8011

111 10 6 100300 11000110 01100101 1 1101011100110. - 16. December. 001. 1 0013, 0111000111.
1. 1101000100 101101- 03 011010 iiiut. 8. 181,

’19638 1110111. 31101 1110100 Hans 81000 01110, 001 1110110100 100 0101 0011010
1101010103 01, 011000 1101110 1001100100011010 0101 1101010οε Viije 01 110101 10111
01 100 10101010 600001101000011001. —- Hasnioe, 19. 11000101). 0000101113.1.0.1.39-11.

’19639 Der 00001000 1100001000 8111110100 111 1101111110, 111011 1001101011, 01 ii.
0100001011 000 110010130110010010100010111103 01 30001 ind paa 01 1011100110 med
810113 010 01 1000081000111110, 03 01 11010110000100 101101 1010 001001 013. - 1100-
0019, 21. Dec. (Tydsk.) 11111100100600001.1100001010.81000001110131116.

’19640 1. Fri. iii's Μ100110 111 10]· 131110, 01 1100 Philippi Jeeebi fersiiemnrende
0110111110 10110001 0101 1010013100. - 23. December. 010001001110001.

*19641. 8111110100 110 100 0000010 6000011 1 1100001010 Grev 1100000000 111
8101000110110100 10 1010110, 111011 100 100110101, et 1000 80110101 1010010 10 80010101
1 01 1011111110 111 101 10111 013 sijuii 100 00 Professor 03 00 01010100 1011010001.
- 211011011658. (81100011.) 010100.9000111111011101.8001131111661-63.

’19641 1110111. givet 80001 1011001000 3001011103 0001 10011010 010101 1001-
pagni Diagoner. — Hafm'oe, d. 28. Decembris. 1010101010.110601010001011 111228.

’19643 3010101113 110 00 0010110000 1100000100 1 110100000000 001, 01 Genera!
110010000011, 1. 0111030100 1100111001 110010,Ρο1011000 0110000 03100 100010 (1000011
01010111 (0111101011) 010 101010 111 Berlin 101 01 11011030 1011. 11010111 1111110101 111 ei

0111010 8101131113. - Wiener, 1. 100. 1658. (1011001011 erudit. 1 Uri. 01010001001001,
1. 1011. Friedrich wilheim 100 11100100ου13 111. 112.

’19644 11111100 1101111011 010110101 1011. 11010111 Wiiheim 01 111001000013, 01
11011 03 1101101100] 1010 31011 10100 1111101100 111 1100101010300 010 01 11]·0100111010011

0111100313 ai, 00181οτ13 10110010111011001οΜ1031103 01101 ej. — 11003, 8100001 1658. ‹Tydei›
1111. 01010001. r. Geeeh. 1. 1001. 1110111101 1111110101 100 81001006013111 115-16.

 

