Koae 0111111111 aaa Fsaaaa. 1199

1631.
’14323 Κ. 01111111. 111111 811111111111 111 31311111, 11111111 111111111331 ,June
111 ii. ai 1111111111 1111111131 111311111111111111 13 11111111113111111111111. 118111111,

1111111 11111111111311 1 811113 1111131 111 1111111111. -111111111, 1. 2. iulii. 1811111.)
11111 1111 11111111. 111 8111111 1113111111. i. 456 -31,

’14321 1.111111111111111111111111 111 0. 8111111, 11111 111 11111111 1111 11111.
111 11 111111 11301111111311 111 111 11111111, som 111111111111 111113111101111111

01111111 1311131111 1111011111111111111110111111111. -Τ113111111111, 1611111. 18111111
11111 1111 11111111 1118111111 ingemmati. iae-ea.

‘1432a 1101111. iV. 1111113311 8111111111311111 1 011111 11 113111 1111111113 11111.
1111 111111131111 1111111111111. 11111 1111111111 0111111 111 111 01111 1111111111

11113111 11 1111111 nyde 11111111 1111 111 111113113111. -6111111111,1.1111. 11111 11111111,
Sami, 3. 11. V. 611.

’14326 11111111111111311, 11111 131111131111131111111 111111311111 9.]111.
61111 11 111 11131 1111111 14 nages Varsei 111 Sjaliandsiar 11111113. »- (1111111111,
9. Juii. 011. 11111111111. 111 (11111111111. 1111111. S. 100.

’14321 0131111111 Ceae 0111111 0111111111111 811111111 111 ii. 011111 ΙΙ. 1111111.
11111,11111111 11111111, 11 11311111 1111111111311311 11 111, 11 11 1111111 111 111111

11311 81111 111 11 sende tii 11111- 11113111, 10. iuli. 18111111 111111111111111111
8111111 1131111111. 11290-91

’14326 1101111131 0111, 1111111111111111, Hans 011111181111111 i 1111- 111111.
1113111111 har, 11111 1111011 eversores 111 hans 811 11131 Hans Hansen, 1111 11
1111111111111111111311111111111111111138111, som 11111 31111, 13 med 11 311111
1111111111 1111111 111111111, 111 111 111 11101111 1 6111113 1111111 1 011111. -
Glyckstad, d. 15. Juli. 81111.1111111111131112.1111. 135.

*14329 111 1111111 1131111111 Gaias 1111111 13 111111 Seianas Skriveise 111 15. 1111.
11113111 iehan 01111111, 11111 11 1111111, 11111111101.11811113 paa 1111111111Ι 11111111-

1111 111 11111111 111331 11 111111111111; 1111111111 1111 111 11111 111111, - Wolyasi,
d· 15. iuli. 18111181.) 1111111111111111. om 811111111131111111. ΙΙ. 291- 93.

’14330 1111111131 0111 111 ii. 011. 111, 11111 1111 11111 om Tiliadeise 111 111111.
1111111111 11 1111111111 111 11111111131111111 1111111111 med ’1111111111 Κ. 11811113. -
ostilam, 1611111. (Latin.) 01111111311111111,Τ111111111118 50.

’14331 ii. 011. 1113113 Heri. 1111111111 1101111111 Mandat, hvorved de 111111 16. suin.
11111111111111111111111 11 111 111 1111113111 111111 1111131111 111011111111 11 100
11111111 11111111 11113111 8111 paa 111 11111. 111111 Ρ111 11111 1000 0111. Reate i 0311
1111111111111. [1181111111111111 113 11111111111113 111 11111111110111111111,11111111

1111111111 111 11111111 11 111111113111 1111113. .„ 811111101111111, 12611111. (Tydei.)
1111. 111111111.

*14333 1101111131130111.11111111101111111Μ11111,111111111111111 211111.
11111111111111111111111 11 111 1623, 162613 1621 111113111811111111111111 i iiiei i

de 1ο 0131 11111111111111111111111111 Michaelis. — 8111111 Goitorff, d. 2611111. (Tydei.)
sarteas Forordn. Ι 1111111111111111111 Exemplar er Michaelis 111111 111 Andreae.

*14333. Κ. Can. 1131136111. 1111111111 1101111111 1111111,1111111 11111111 26 1111.

111111111111 11 1111111111 111111111111 11111 11 111111 ’1111111111 111 111 1111113111 1
111111 1629 1111111111111 11111113111113111 81111 11111 1 1113111 1113. 111 5. 01111. 1631

01111111 111, 11 81111111 111111 1111111 1111 1111111 111 011111311 1 1632. - 81111111
61111111) d. 26. Juiii. i'l‘ydsk). 81111111111111.

151·

 

