1657.
14. lcii.

14. 111111.

1610 1111 1111111111 1111111111.

*19427. 1.1“1.111.’1111111111 111 1111111111 Due 1. 11111111, 1111111111111111
Len, 11 111 skal 1111111111111 med, 11111, 111 111131111111 1111, iidie icrieider. -
14. Μ11. Semi. i. 11111 1111 13111131. viii. 266.

’19423 1111111111 11111111111 111 111 11111111 11311113, 11 (111111111111111

11111111 1111111111111 11111113-1111111111 1 11131113 111 1111111 11113 1111111111 1111-
111111. - 14. iiiaj. (Svensk.) 111111.111111,11111311111111.118111311111111111111111111 111111,
1111. under 1111 11. (111111 S. 74, 1111. 3.

’19429 11111. 11 111111111111 11111113111 111111111111111111111, 11 hvis
11111111111131111 11111111 511113 13 1111111111 1111111, skal hen 11111 11111 ester 11111
111111131111111111111111111111311 111 11111111111 111111111131 81111113. - 1111111-
berq, 24. Mei. (Tydsk.) 1111. 111111 1111111111. 161111. d iiuri. Friedrich Wiiheim 111 1111111-
11131111. 182.

12044. 1111111111 1111111 111 111 111111. Genociechcp 111111111 111111 1111113. 8. eho-8⁴2.

*19430. 0111111 Gener, 13 (11111111 811111 1111111111 1111 11111111113111111111-
111111 111. 111111 111111 111 11 11111111 8111111111111 1 11311111111 50011111. 11111
hverve et 1101111311. - Haffhi'oe, 16. May. 1111111111.116111111111111.111227.

’19431 1111 111111111131111 1111111 1 1111111111 111111 11111111111111111111,
11111 1111111 111111111111111111111111111; men 11 1111 111111111 paa 1113 13111111
1111131 111 1111111 811111; 111311 111 med 1111111111111111111111. - 111111. (Tydei.)
Udi. 13 111111. 111111. u. 1111111 r. Geeeh. 1. 1111. Friedrich Wilheim 111 11111111113 1111181-11.

’19431 Depcchc 111 111 11111111 6111111 1 1111111111 (1111 1111111111, 1
1111111 111 111. 11311, 11 111 111111111111111113113111 11111 11111111111111311111
1111111311 113 1111, 11 1111111111 111 1111111111131111131 1111111111111111111131111111.
-27.Μ111. ispancii 11111111.11111111311,11111111111111111111111111189.

’19433 hen 111113111 11111111 111. 1. 111111 11111111 1 11 111111111113, 11
111131 11 8111111111 111 111 1111111 11111111 11111111 1 91111111 111 111 1111111 11131
1111111111113 med 811113, 11111111111 11111111111113 111 111111 81111111111111111
Side. — Daiilww, 111129. (Latin.) 111.13111111.11111.11111111111111.11111177-19.

’19434 ii. Fre. 111.’111111111111 1111111 1111111131. 111111 scm 1111111113 iii
11111111113111111111111111. - 1111111111, 20. Μ11. (Tydei.) 1111.11111111,11111.1.111111111
1. 111111111113 1. 111.

’19431 11111. iehammenna 1111111 111 (1111111 1 1111111111 11 11111111
111311, 11 1111 [11111111 11 1111111 113 1 11 1111111111111,1111111111311111111
11111111 1113 11111111 811113 13 1111111111. —- 31. Μ11. (Tydei.) 111113 1111111. 111111.
detenet. 1. Geech. d. 11111. Friedrich 1111111111 1111111111311111. 182.

’194311 1. 111. 111.’1 11111 Rrec, 11 1111 81111 81111111, 11311111 11111, 1111
1111111111 11 1111111 1111111113 11 11 1113111 131111111111111, som 111111 113.
111111111111111 11111 131111311111111 111, 11111111 111111 811111 1111111111
1111111111 111, 1111111111 11 vere 111311 13 111111 11111113. -— 23. Μ11. 1111111111
111111. 111 1111111111 S. 91.

’19431 Relatio 11111111111111111, 1111111111 1111111111111 11311 1113111111
qua scribit, se 113111 11 reginam Ρ111111 monuisse, praeeeciiem iegati 11 1111111115

Μ11111111 11 Dacorum tractatus 1111111111 perpetuum 1111. - 1111111111, 11113. iiiive
1111111. 11111. 1. 1111111111111111111. 219-81.

 

