1000 (1011100010 0110 11100011. 901

11112.
’10850 1100010100 0110000 Μ10111110000 1. Κ. 00010111. 10011 010 0010101010 111011-

1110110100 01 00 11011010. - 1101001001, d. 11101. 1800001.) sv. 11111. 01111010. 1889
S. 3011-11.

’10851 Κ. 00001011. 10010 1110101001 Jacob 10005000 00100000 Anderson 000 00
10000100100100, 00 010110 100110 101 01 1110000 00 11000100 1101010000οη 100 Κο11001. -
1010100100, d. 5. 11111. 1811011011.) 1101001011. 1 8010110000, 1101111000 11101. 1111. 409-10.

’10858 Κ. 00001011. 10010 010000100 010 Μο000 110100οο001ηο 0110101100, 01 1111111·
1001000101 100, 0111000000 0101 drage 10100 0010001111000; 000001010οὶυο 01000 00001010
11000001 100011 80000 har 11011 1100101011 010 111 01 0000000 Κ. 01 00010011 010 811101000. -
1000011010011,0.9.111111. (Tydsk.) Κοοι100 0110111111. 100110 81111101 S. 588-90.

’10858 11. 0110010 11. 10010 11010100 Κο01 Hand 01 11000110 100001 000 8111101100 9· 'um
00 01 0000000110 Κο0000 om, ad 0011100110] 000 000010 1100 1000000 10010 1001000011000.
-10011001119, (19.11111. (8110110111 0011001011. 1 8010110001, 10101010 11101. 1111. 412.

*10860 Κ. 111100 1. 0111001000 0011010101 Κ. Chr. 111. Μο011000 01 1101111100, 000 15-11111-
01110000 01 Hert. 0180000000. ·- Wesm, 15. July. 110110.) 111110110011111010001001
1100011 S. 9.

*10861. Κ.00001011.10000 1110101000 Hert. 101100, 01 00 000010 11000 0111101 11111111·
1110010150 00 10010001001 100 000 000010110000 0000100101011. - 1100110000, 0. 151011.
18000011.) 8010110001, 10101000 hist. 1111. 420.

5. 10111.

’10862 Κ. 000000 11111οο10 11101000 1110000 1 00010- 00 800100-11000, 0001 20. 10111.
1010000100 000010 111 1100000 00 0001 0010111010 000101000011010010100, 00 0011010000

0101111101οε 010 110 00 10010. - 11000110,1110020.10111. (8000011 11101000, 0011011000
0100 811118. 59-60.

*10868 Κ. 000010 11. 10010 11010100 8001101οη0000, 0110000010. 181000οΜ1100, 0011111.
01 10000 010 1000 1101000 1 1100110101 8100000 010011000οη (0011011010). - 281011.
1810110111 810001. 1 0100110101, 80011000 11101. 11. 00010111. 100111. 483.

‘10864 K. 00001011. 1100100 11000 111 8001 11001100 010 0000101100 01100000, 0011111.
110-1110111011 1100010001 000 000010 Ηο00 00010010 00110000 11000 110000000- 1100010,
1123. 11111. (80011011.) 1110001. 1 8010110000, Κο10101011101.11111.423.

5425. 1011101111. 1011111, 1101110-00110000010-1100001011181011221-28. 81001, 001100. om 30. 111111.
Fam. 81001 S. 374-75.

*10865. En 00100011100001110101000101100 810110, 01101100 0. 1110010111οο000 d. 3010111.
111011 00 000101 110 Νο0001000000 1000 1200 Μο00 00 00 100001 000 ’1000010001 100 000100

ὶ0100011000 00000010 00000 111 800010. -011001001100, 30. 1011. (10001.) 1100100111. 1110001
101. 110011. 11. 109-10.

, ’108611 Κ. 1111001. 0180010000 11000 1111100001 1 81011000, 100001 1100 1105000001 31. 10111,
¹ 101, 01 001 ikke 1100 1000100001, 01 00011000 Κο00000 1001100 10]·00 ’1000000 1 81011000 111

11’.0180011001000001010100110010001. -11101110, 1110 1001011010. 18000101.) 1110101100.
¹ 111110 00011101 01000. 10 1100000 1612 s. 166-67,

’10861 00000000100001101000001000, 01 001Νο000100οουο 1000100οε 0001- 1, Augusti.
110001 0101000100 00 80100100 111 Κ. 01 1101110001 00 800010 000181001010100 01Μο1000.
·· 111110. (Bollandsk.) 1100110110001100000 100000 S. 185-86.

0001011100011. 114

 

