11616 (1661111111 6111 11111116. 1117

1632.
’14524 1861161611 11111 (1666611) 116161166 11111611116116166 (16116111, 11611 166 31111111·
‹ omtaler, at de 166116161661161161611611 61 11111166 1161611166 86161161 1116116161
,·,· 66116166 1616161166 616 161116 11111616. - 1611616111 1111161611, 13111161. 1816611.)
111111116111116. 661 8166116 1111661 1111. 1. ’186-88,

’14525 8611616111111 (1666611811116116111 11. (16116111. 11611, 11611166 66· lum?

116116116111111161161111 at 16116 1166111116, 161 11661 61 1616 116116111161161 1161-
,, 1166, 1 161 11661116 6116611611111.611)6661611; 1111161616 166661 [1161116161 616111161;
, 666 166 161 6111611 111 16611611 61 1611161161 16 1611166116 1116111161161. -11166
Datum. (Svensk.) 11111 1111 1111111116. 661 816611616166111111. 11. 1112-15.
,γ ’145211 (1666161116616661 W. Η. 1166111111 811116116 111 11. 6111161 11. 11611, 1161· 2- sulii.

6161166 16111166 1611101111616161616 11. 61 1166616111 61 166661 866 11611. 1111111
1161116161 1 1611166. -11616161 vor 1111611616, 1. 2. 1611. (111111 11111 1111 6111116.
1168166116 1111661 1111. 11. 516-18.

*14527. 8166161116111116181111611611111. (16116111. 11611, 11611 161 61616161, 6. 16111.

’ 61161 61 [166116 111 16 1616 11161161616161 116 16116111 661 16 166116 (1616611611 Til·
* 11611161166116161 Μ611616116 161 1166166 16111116161611101116166 616 16111611616161

116611616116161616611616116161. - 8166111616, d. 6. 1611. 1816611.) 116111116111116.66
816611611116611111 11. 522-24.

7546. 111166111161166166166111-11. 7. 16111.
’14528 86116161116111166661811116116 111 11. (iustas 11. 11611, 11611 166 1166- 7. sulii.

16161 1166 1116111111 6161 11. 6116616611 61111 11661616 616616611616616616166111116

1 Ηο11166. - 1111116111θί16, d. 7. Juli. (81611111.) 11111 1111 61111116. 616 81611116 1111661 1111.
11. 524-29.

’14529Ι 116166 111166 111161116611 1166 6166 61166161661116166 1 1166161111 1111111·
8616 61111161166661111 1116161611 11616161611111116 1. 1161111161, 1161611 1116116 1.
116111616611 61 1111611 1116111 1161611166 1166 166111 1116166611 [16111116161 61 161-
11616 16161 01116166 161 1161161166 61 661161161161 161111. 116611 1111611166, 1161 16
16116, 611166161611 61 ikke Ore er 16161161661, 61 16616116, 6116 66116 66 66166
16116611661016161116. -1161116111, 11116611. 111 1111611111. 16611. 111. 169-71.

’14531 1111611611 611161161111611116111666, 61 161 161 1111166 111161 61 1111111-
116161, 11611 661611616 Pedes 016 6116116166, 1111161 111111 61 1111166 61 161111616111,
111166116611116116161111111, 1161661 16 161 111611161111111161161, 166 61 11616; 16
11116 116166 1161116 1661 1111161, som ville 11116116 11116666 161111111. - 1611161661,
13. 16111. manerem. tra 6616661161. 111, 111. 1161.

’14531 116661 111116 1116611161, Βε16116111111.11.11616111, 16116161 1161666 1⁷· sum.
11161116111161, 1616161161. p. 1161116111, 61 11111 1116661611611, 86161161661661 1
1166, domme 1 8111166 61611616 016 61 1166161611 861116, 61 16116111661616 1666 1611111161
16616161161661, 6161111611 1611111661611611 1661611111, 1661 6116116161 5 116111-

6661 61 Η611611111611166,1611616 8616611161ῑί 16 16 86166. - 1166116161, 1. 1116111,
111 11161111. 86161. 111. 164-73.

’14532 1166116166 (1116. ans 1111161111 161161 116166116611 og 1111661111 1661 1111111·
11 16116 1611111111 1661 611616 1166 11661611116 8111161111116 1 1111116111, 1166116611 161

, 11616116 161 666116 16661161 1166161161661 nostrarum 1661661611 -1111611661, d.

Ῑ 18.Ju1ii. 1111161111861111.311.1’1.133. 1161161,11.166116111116111111.2.11111380166161611116161
11111111 111 12. 11111.

 

