1545.
11. 1151.

1488 Kena 55555555 5551155555..

-l———n—

1’17585 8155155155 155 555 5555515555155555155511 55555555 5555555 8555555555
111 (155555151515555, 55551 555 55515155 55555555551151515155 og 555 55555115 5155555 55-

. 55351555. - 5555155551, 5. 31. Mey, 51. 551 (5511555515.) 1555111555 1555515155. cannensem

11155551 4. 8551517. 15555, 8. 347-49.
*17585 Κ. 55551735 5555 11155551 555 55555515, 5555555 555 1155555555

51 1555 555 5511555515 515555 passere Kronhorg 5555 51 5555155 555. - 3. 1551.
1151. 1 5515551515, 1155555515 1555 polit. 515155151699-166011. 500.

9336. 855515. 5111555555.
’17587 Κ. 555. 11135 05555 111 Arndt 555 5555515, 5515555555. 555 555555551
om 511555 515515555555 555 Κ5555555 og Frederiksborg ved 55555555 1555551555555551-

515555555, som 515115 5555555555 555 55 555515 815115. - 55155, 4. 1551. mansa, 55155555-
5555555555 og Sundhedsplelens 5151. 11155555515 S. 395. Archiv 1. 95555551 og Cheml 111111. 956.

*17585 555511. amager 555155 55555555 111 85555 1 5553555 5555 15511
Rosenborg). - (D. 5. Juni.) 55115, 85551. 11155551555515555151. 8. 57.

’17589 5555. 111.5151555111551 55551515 Ρ551555551, 51 555 55555, 55 5555
15555151 5555 1155555155 1555 5555555551, og 1555555 ham ojehlikkelig frigiven. — 5. 1555

thatin.) 1151. p. Eng. 1 1155555, Third 5551551871. 1515. 55155515151155515515 5555 55111. 51515515 1529-
1661111389.
*17595 155555515155 155 9555555515 5 555555555555555 555 555 85555155555 Op·

traeden i Lenet 1644. - (⁸1⁶.) 555551. 1 (15551115,1.555 811115 5555555555 S. 54-56.

· ’17591 1155 55555155 5155155515 Am. 055555555555 8155155155 15 515 85515555
0555555555, 55551555 55515155 555 55555155 og 5555155 1155555 5555551555, (155155 florus

, 5151555 5155515115555155, 555551555555115355555 5555555555 og 551155555555 5555555-

8. 15511.

1153551555 55 1155515. - 8555551555, 5. 5. 15511. (8555511.) 51555511, 1155511515 1551 0555
5115555 111115555 0555555555 1, 4. 177-81.

’17595 815155155 155 55 5555555155 5555555555 5 51555555 111 55155555, 55551
55 5551515 555555 5515115555 med Hensyn 11155155551555 5555515 5555551555 5555515555
553555555 0555551555 515151515555 og Opgivelse 51555555 1115. 51 1155555515 855. -
Μ11511155,11.15.1111111. (Tydsk.) 55515551155155511555555155555-(1551515511989-91.

*17593. Skrivelse fra 55 5555555555 (1555555551 0551551155 111 55155555, 55551
55 5551515 55 5555515155 155555 555515 85155155 ’Κ1515 om 5511515, 5555 8515155 1 515
Τί5 555 Ρ5511551555155555511535555 1 55555555 555555531551 555 55 8155555, som Sverig
55515555, 515155 5555 5515555555 111555551555555555. - 0555555155, d. 15. 15511. (755511
11551555, 11551551115555 5515555555515155 11. 979-89.

’17591 815155155 155 555 555551555515 55515551 1555555555555558555555555
111 (155555151515555, 55551 555 55515155 51 155 1115515155 51551 5531551551 555555 555 at
55555115 1155555555. - 1155555555, 5. 5515511. 1551155551.) 1155551555 551515155555551·
5555515 11155551 4. 85515 17. 15555. 8. 349-51.

’17595 1155 1555515 1155555155 m 1555515555 51551555 111 815155515515555 55
5515555 55511. (155. 11., 51 511, 5555555 5155, 555555 51511155551115115ς 55155555,
som 555 (155511515555 ham«. - 17. 1551. 1555551.) 1155551. p. 555511 5515551555 55555515
5555 polit. Historia 1699-1660 11. 505.

*17595 1155 5555515 51351555551551055555555555815155155 111 515 855 15555
0155555555, 55551 555 55515155 5155 5555515555 555 55 5551 555555555511 51 55 1155515. -·
8115555555, d. 5111511. (Svensk.) 111555511555111515555105555555551111155550555555555 1, 1. 151-83Ι

 

