1618.
8. 116611.

24. 116611.

944 Kone (1161611111 666 161661.

’11372 11. 116661. 6111631661 111166161 K. Chr. 11. 61 616116 61 1611661 med
Κ. 61816113 63 1611616166 16666 116661661 6611616116366 61 16 20 61161 311001) 116161,
som han 66166 6111161. - 1166661161, 8. Dee. (Latin.) 1111611131 166111, second
1166611611.

*11373 11. 066111 811116166 111 111. Hans Resen, 86661161. 6161 8161116616
81111, 61 166 61116111661616661 63 11161 1 611 8111166116366 16 11666666 6161 16111616
11111. 63 1136666 616361 611161161666, 6661 161611166 111 66361 11611, 11611661 166
1113111611 Rdl.‚ som 161111113616 3661661111636166 61161 611616 1161611136 61611616, 611
1611161161. - 1161661636 6161, 1. 10. 11666611. 61111161161.61611.11546. 11361116616666
61311111 alle 1661616 emper.

*11374 Μ. 11616166 1166116611, 1161111616666, 16111Μ66166616, 8611611611
816666, 6111. 6611161616 1163166 11116361 1611611616 61 Η66 1 11116. - 11. 116111.
1111. 1 11636661, 0611816161, 1. 1113. 8. 1616. 1113. S. 267.

*11375. 11. Cen. lV.'s 66166 11161, 1161161 1611616166, 61 Lensmaendene, 6661161-
16161161616 36616161611611161366 111 1663663161,16161 skal tilkjendegive 161 161 [16116161161616
16361 61161 3116161666 863661636161, 6661 16 616116 3116 Β6616166 86161163 111 61 61616. -
11011161011 Kioppeuhaffn, d. 16. Octobris. 11611661, 1111166. 11611. 11161.,11161 63 Breve S. 68041.

*113711 (166661161116661 161616 16166 1166661161 11631661 1 161616163 61, 61
11. 61 8161131113161161, 6111. 61 [16661611 1116 skal 1616616 11161613 1 16116111, 63161
161161 161 166 666166 [16613161 16161166116161116161, 61663661161166611. 61 16316611 3
111 61 11116 161 1666161616 1161616166 161611616 1661. - Haqke, 1. 11111111. 11666161. (1161166161.) 1
36113166 166 161 111161. (16666166161116[1666111112. S. 143—45. 1

111377. 811116166 116 1661166 116 11116611, 66161166161 116611661 166 116661-
61616166, 111 06661616616166, 111611 61616166 11.611)6661611616111163 366 (1616166163 11
1666661616166 16166161661616166, 161 (under den 611616 1166611361611113)161116166316
61 1666 1166661161. - 24. December. (Hellandsk.) 1111. 111161 overe. 1 1161111, Studien 6161
1. 1616616611616616 1. 16311166 1. 11116166 S. 20 11.

’11378 1161131611661611161616 1116111161 11. (16616111. 111611, 61 han 666161,
61166 61663611616 116166 111 11366616 1610 66616 61 (16666116161 111 166 166616116636 63
13616166 111 1666166616 63 6661616 dem 616 611636 61361166 6161666 863 (166 3661616661. 3
- Gennerslleim, d. 30. Dec. (Fransk 03 Tydsk.) 11161611116166161611661, 1111116611 mellan*
(1666111611 661 11611. 1161111161 11611 8. 29.

5792. 11111. 1166611 1111161161. 86161. 3. R. V. 762.
5793. 66. 1 1161666 61616. 6. v. 166-66.

*11373 fleus 11666661 1. 1116161, 161 161 6166 1616661661 61 16161 111 61131
11663661, 6166 66 6111616611116366 16181161, 1613113161613 111 17 1161611616 613 bruge
1166161166 63 1061161166 111 16616 63 16616. - 11617616. 0666,611161611.,11 169-60.

111380. 111. 666161611166111161166 61 16661616 1111611 1111616, 111 quibus 1631166-ἰ
didam [6166116161 66616 queritur. 616161. 1 [1666161163. 4. 11. 11134. 1

*11381 1116161616Μ61661666 1116111161 1161361116666116616 616 1161666611666-
1661666 1116116166 1 11111661613 63 3161161 613 6161, 61 166 63666 61116111 1116661611. -
Witteberqoe. (1161111.) 1111. p. 11666163 1116111. 1 1111161161. 86611. 3. R. V. 760.

*11382 [1111111116 Μ616116666 16161 Η61361 116666116616 om 61 1636 613 61
Georgius [1111161166. - 1111616136. 11161161 11116.116661111616116186611111.1160,

 

