1612.
2. 1111111.

Κο11 0111111111 111 111111.

——————.-..——--—..—..-.-..———... ——.-—-.-—-.-————

*108173 K. 111111.1111.11111111 1111111111 111 11111111 1 111111- 13 8111111 11111· 1111-
111111 13 1110111111, 1111111111 111111131111111111111111111111111111111111131111111113

11111111 ved K. Chr. lV.'s Ν11111113 ved Gnlborg 13 11111113. - 2. 111111. 1811111111
11111111. 1 111111, 1111111111311 S. 185.

’10818 11111 Μ11111 11 0111111 13 de [1111111111 111 11111111 11111111
sorbyde i 81111111 11111 111111111113 11 011111111111111, 11111111111111111111111111 1111-
11111 Κ11311111111111111111 111 [11111111 111 11311 11 111 11131111111111111, Κ. 11 1111111111
og Sverig. -— 11.-5. 11111111. 1Ηο111111111.) 111111111111111111111 1111111 8181-81.

’10819Ι 11. 1111111. 1113131111 11111111 Κ. Chr. 111. 111111111111111111 131111-

. 11111 11 1111111 1111111111111111111, 11111 (11111011111111 1111111, 11101131111111 111131-

12. 1111111.
15. 1111111.

15. 1111111.

15. 1111111.

20. 1111111.

lige Husholdning 13 1111133111 1 1111111, - 11111111, 1. 11111. (Latin.) 11111. 11131
1111111, 8111111111118 9.

. ’10820. Κ.0111.11’. 1111111011111111 i 111111111111111111111111111, 111111
1111111 111111111111111111118131, hvis 1111 1111111 1111111 11111111, 1311111111111 81311-
11110111 1 1111111, som 11111111 1111113111 1111111111, 11 111 111111111 11111 111 111111
8131111111. - 8. 1111111. 11111111, nist. 1111111. 111 11111 1111111 113.

5396. 111. 1 1111111111, 11111111. 11111 111. 1. 111-11.

’10821 Κ. (1111. lV. 1111111111111111111111, 111111 1111111111111111111 111 1 111·
11113 med 1111111 111111 11 1111 Κ1111111111111 1 8111111 under 11113111 1111111111. -
15. 1111111. 11111111, 111111 11111111 Κ111.11 124 --211

’10822 Κ. 0111. lv. bernier 01111111111111111 11 11331 1 8111111111 111Κ111-
11013 11111111 videre. - Haffi, 15. 011111. 1111811111.1111111111111.1111111111111811.

’10828 W. 1111111111 1111111111 81111110131111, 11 Κ. 11 111111111 13 811113
1111111 1111111, og 11 Κ. 1111311111 113111111311 1111111111 11111111, 1111111111111111111111

1111111111811113, 111111311111 111-1111111111, 15. March. (Engelsk.) 11111111. 1 11111.
man. 1111111111111. Theman. 11 the 1111 1113111111 81166.

’10821 Κ. 0111. 1131 11111111 111 11111111 111311 1111, som 11111 11 1111 11

, 11111111 1111 11331 113 111111111131311111111 (111111111811111111 11111 ud. —- 20. 1111111.

30. 1111111.

1111111.

5. Aprilis.

6. 11111111.

1. Aprilis.

8. 1111111.

11111111. 11111111, Κ111111111311 8. 191-98.
’10821 1111111 0111111111, 131. 1111111111111, 111111111 11111111 By 1113051111111.

31 81111. som Borgelejepenge 111 21 0111111111. - Κ11111111111, 11. 30. Martii. 11111
1111111111, 11111. 11111. 1111111111. 28.

’10820 8111111113 111 11111111 111 1111111111 1111111111, 1111113 111111111111. -
Uden Datum. 1811111111 (Κ11111111131,Κ11111. 1.1111111111.1111111111.1.31-35.

5400. 8111111111, Κ1111111 hist. 1111. 310-11.

’10821 1011111 11111111 111 1111111111 11111) 1111, som 11111 11 1111 11

11111111 1111 1113111 113 111Κ1111118111 13 11111111 11111111131113111111 8111. »- 1111111111
11111131111111111. Ι 111111, 1111111111311 8. 198-09.

’10828 811 11111111 1111111111 8111111111 111 Κ. 1111111. 11 1113111111, 1111111111
1111111111, 11 Prins 1111111 110111111 111 ham 1111 11111111 113 111 11 1111111111311111111111111
1111111111, 1111111111 1101111111, 811113, 111 111111111111, 1111111111111111111111111111
111111111 13 1111111111111 under 1131111111111111. - 1111119111, 11111 1111111, 11111
111.,11111111111. (1311811111 1111113111111111111111111111811111111111.451-58. .

’10821 Κ. 01111111. 111111 11111111 Jacob 11111111 11 31111 11 1131111 111 11111111
ind 1 11111113 13 1111111 11111 11111 11111 ,1111111 13 1111111111 denne Stad. - 8111111111,
d. 8. April. (Svensk.) 1111111. 1 8111111111,Κ1111111111111.1111.372.

 

