1632.
14. 1111111.

17. 1111111.

18. 1111111,

18. 1111111.

18. 1111111.

28. 1111111.

24. 1111111.

24. 1111111.

1210 Kone (111111111111 1111111.

’14441 11111111 11111111 11111 11111 11111 8111111 111 11 11131 111, 11
011111111101111111111113011111113, 1111 11 ii 11111111111 1111111, 1111111 1111111111
11 1111111111 tii Samlingssted 111 1111 11111111 Tropper. - 1111111311, 11411111.
(Tydsli.) 11111011 11111111. 111 8111111 1113111 hisi. 1. 573-74.

’14441 ii. 011111 11. 1111111 1111111 111 111 1111111 11131111111111111 Β1131
01111111111 111 hans Rejse til 01111111, 1111 111 skal 111111111 111111111111111-
1111311 111811111111111111 13 1131 11111111111 1111111111 11111111 [11111111 1311011111.

— [11111111111. 1111111111. 18111111. 1111111131111011111111, 8111131111111111161111111.
11101111, 2. 74-76.

1101. nmini„ 13111. 1 nansi 11111. 1 Gronhoim, 11111311 1111. 1111111111. 1111111, 1.
80-81. Archiv 1. 1111111111. 0111111111 xxxiii. 227-28.

’14448 111111111111 111 8113111311 1 Nykjohing ρ111111111.- 1111111113, d.
18. Maris. 111111, 1111311- 111111111111111113111 1111111113 p F. S. 3-12.

’14449. ii. 11111111111111 8111111111 111 111311111111111110111111111, 1111-
11111111 1111111111 111111813111111311 1Μ1111113111, 1111 111 1111111131 111111 de
0111111 1111113111 1111111111 1 Τί11; 11111111 111 111 iAErkehisioppen 111 1111111111 Ν111
13 1111131 11111111131111111111111111 1111 111 1111111. - wisheim, d. 18. Martii.
(Svensk.) 1111111111111311. 111 8111111 1113111 1111. i. 579-82.

’14450 commissarius Enni 1111111111 111111111 11111111111111111111.[11111111.
1111111 11111113, 1111111111111111111 111 1111111111, da at opgive 811111811111113

13 113111311111 11 11 11111111 Η111111311. - 111111111ωά1, d. 18. Martii. (8111111
11111 1111 1111111. 11181111111113111 1111. ii. 384-81.

’14451 11111.Μ111111111111 1111111111 811111111 111Η111.111’11111111, 11111 111
11111111113 111311111111 i, 11 man 1111131 11111131 ii. ai 111111111111 111111 11111
med 811113, 13 1111111111, 11111 111 givet sine 01111111 11111111 13 01111131 1111111111

Stin de 111111111111111311-211111. (11111.) 111.11111111,111111111111’11111 leuto
111111111118. 138.

’14452 11113111 1111111111 11 1111111-1111111111111111111 tii 111111 1. 1111111,
Ρ11113111111113113111111116111111, 111 11111111111111 111 11 1111111111131 11111111·
1111131111, 11111111. i 11111113, 1131111 13 0111111111111 11111113 13 011111111111111

vilde maegle. — 0111111, 2. April. (Tydski 111111, 011 11111111, 8111111111 1111111111111111 1. d.
1111111 1631-34 i. 148-50.
’14451 11111111. opiordrer 11111. 11111111 11 111111111 111 1111111111111 ham

i 1111 8111111111 111 11 111111 1111 11111111 11111111 1311. ai sverig. - (1111111111, 1.
24. Martii. (Tydsk.) 11111111. 1111111111. 0111111111. xxxvi. 229.

*14454 111111111111111111111Τ1111 111111111 811131111311111, 11 111111-
bisioppeiige have iorjaget 111 1111111111111113 11111111113; 113110131 111 111111
8111111 1111111111 011111113111 11 1131111111 111111111111131 1 81111 111 0111111111 1
1113111111 Christian Ρ1111; 1111111111310101111111111 131113118111111 1111 1 111
1111111113 111113111 01111111 1111111 1111111 13 11111 8111111 111 Ρ1111; Tage Thoti

. 13 0111111111111111 81111111 111 11111111 1111 1111111111 111111811113. - 1111101131,

24. 11111111.

111 24. Martii. i'l'ydsk.) 1111111111111111111811111111131111111.11.388-91. ¹
’14455 81311111 111111 81111111 811111111 111 11113111 11111 (11111111, 11111
111 11111111 1111311111 111 111111111131111 11111111 ii. 11111111111 13 11 1111111131 1

Ι811111ἷ1. &mm am 111111, 1. 24. Martii. 1811111.) 1111111111111111111181111111113111
81 . .

 

