1770 Kone 1111111111 1111Τ11111.
1660.

16. 1101· ’20751 8111111113 111 Μ11Ρ1111111 (111111111111111111,11011111811111 111 111
111111 1111111 1 11111111 111111 1111111111 011111311111111 111111 13 11111 ham 11111111,
11111111 han 1111111 111111 1111113111, 11311111 han 11111 1113111113 111 113111101111131-
1111111111 11 [111111111113. - 81111111, 1. 16. May. 1711111 1111111113.1.11.11.293-11.

1111111111. 20752. 10111 11111111) 811111111 111 1011111111111111118111111 111111 11111 11
27111111, i 11111111 han 11111111, athan i 811311111 111111131111111111311111 1121111111

13 111111111111111 11111111111311111 11 1111113113 0111111. - 111111 Datum. (Tydsk.) 1111111
1111111111, ¹¹³8· 4¹ Β“2107191714 98111111111 1111 11111 1.1.Ν111 1110111111111111111111 11111111111111, 1

11111111 han 31111111 111 Stridon mollem ham ogOberleriesz, 1111111111311111111111

1 811111111 1111111111, 13 111 113311 81111111 1811311 1111111113-111111111111, 1111111
1111111 1113. 4. 11. 11216-99.
11. 11111. ’20751 811111111 111 11111111111111 1. 1111111111 1111111111111111, 111111 11111111

1 811311111 Nyborg 11 have 11111111 0111111 11111 1111111 111111, men euers ikke miudes,

1111111111 Sagen 11 31111 111. -— 11111111111111 vff Hoyerzworih, d. 17. May. 1111111
0111111 1113. 1. R. Vl. 299-300.
11111111. ’20755 111111111113 111 (1111 111 11. 11 8111111111 om de 111111111Μ1111111 med

Freden i 01111, 11111111111111111111311111 11111111111131111111111 Η111111111181111111111.111.-
11011, 28. Mai. 1811111111.) 1111111 01111. 1 11111 1111111. 5. R. 111. 251-58

11111111. 20756. 811111111 111 11 01111111181111111111 181111111111 1111 11111111 11111111
111 (1111111111111111), 11111 han 111111, 11 1111111 11111111 11111111 111 11111111111111111111
for Danmark. - 11111111, d. 18. Moy. (Hollandsk.) 1111111111111111111181111111111111[11111111
5. 81111. 2511113. S. 841-43.

20 11111. ’20757 811111111 111 10111111 v. 1. (11111111 111 8111 11. Ν1111, 11111111111111
113 1111, 11111111110111111111111111 1111 1111111111 111 111311111111131111; han miudes
kun 11111 om 811311, men 1111111111 11111111111111111111111.- Fomm, 12011111. (111111.)

011111 1113. 4. R. 111. 300.
21. 11111. 20758. 0111 11111111113111 11111111 1 1111111111 1. n. Μ1111111 1111111 111

1111111111, 1111113111 11111 113 1111113 111111111111111 i [11111113 11111111 8111, 1 11111111
1111111 11 113118111111 111 0111111111 1111111111. - 21.Μ11 11. 1. 111111.) 111113 111111.
1 1111. u. 11111111. z. (11111. 1. 11111. 1111111111111111111111 8111111111311111.635-36.

2211111. 20759. 11111 1111111111311101111111111111111 1111111 111 1111111111, 11111111
11111111. 11 1111111111 som Pr. vilhelm 11.’s 81111111 11 11111111 111111 111111113111 111
intime 1111111111, 11 1111111 11 pleje med 11111111 [11111111 13 81111111113. —- 11111,
l. luni. (Tydsk.) 1111 Ι 1111. u. 1111111. z. 011111. 1. 111111. 1111111111 wilhelm 111 81111111113

x. - .
21. 11111. ¹ 481 811220760. K. 111. 11131 1111111113 13111111111111111111111111 som 1111111111111111

1111111111111 13 8111111111113 Len. - (23. Maj.) 1111111.111111111111.219-20.

2111111. ’20761 8111111111 8111111111, 11111110111111111111111 11181111111111 11151113111
111 8111111111, 1311 1111111 8111131111 11 81111111 11111111 811111Ρ111111111 13 haus
8111111), 11 11 111111 111111111111111 11111 1111111311. - Actum 8111111111, 1. 2811111.
1111111111.111011111111111. v1. 7111. 8. 29-30.

2111111. 20762. 011111111111111 8111111111 v. 11111111 11111 (1111 1. 1. 1111111 1111111111ιί13
31111 1111111111 om 0111111 11111111 0111131111181131111111111113.- 111111-(11111111
1111111111ήή, 1. 24. May. 111111.) 11111111113.4.11.11.302-03.

 

