1708 Kone 1110110111 unns.
1608.

9. 00111 *20078 011 1111111110 1000100οε11 110101 111101011οο 011 010 1111111111 11110-
01011 Νο100111 1000010100, 01011 0011111, 11 011 1111111111 1101 gjenne 11101 01011111 med
fredelige 0110111111 1101011111 den 010111 11111. - 1⁹9. 1101. 17101111 Udt. 1 unchen. 01111.
1 1110001110. nnnnnsnnwnng 1. 272.

20079. K. Fn. 111. 0111111 001111 10101111 1101111101 11 111111 Lange Beck 01
1101111 Wind 10 8001101111 0111, 0101 mange 110101 1111101101 011111 011 8111010, og
0101101011 011111 0101 og 1111111101. - 1). 12 November. 1111111011, 1111111. nnn 010 111.
11111101 111 11001 S. 8.

*20080 nnn 01111111 1110101101 1001111 111 1100110 om, 11 011 maa 1011111111
11111101010101111 angaaende stnnderfnrnnnnlingenne og 1111101111 Titler 111 01111 810·

0101110101, 11011 011111 Sagen 01 1110111 1010110011. - 1101111. 1001111 1111110001.
0 11. 111. 763.

’20081 0111101 1111111011 1111001111 11011. 11 011001ηο011, 11 1010 10000 ikke
11]·1001110011 til Begivenhederne i 800011 100 11100110 11111011111010111 111 10101011, ng
11 001Ιο001101 01111 0111011111010 110 11 11001 4000 Md. fljaelpetropper 111 01001111
00 110 11011100, 0101111 110101111ῑο 010 og 01 0101111 0111100111 1001100013 rande. -

Haaq, 1101111. 1110111.) 01111 1111111011. n. 1101111000. 1. 1111111111οο 010111
1. 110100100οτ3 VH. 100-51.

’20082 010 011001000111111 1111100101 1011070010111111000111100 111 011 01100-
10011111111 1101, 01011 han bl. 1. 10111111111101111011001000111 101111101100 111 1701011

101 1110011111. - 1101111011ίί0, 101101. 1110111.) 1111. 1 11011111, 011101. 01111111 011111-
nchweig 1. 278.

20083. 1011111 8111110 11111111 111 110 01011, 11 1100110 11 1111111101001111001
0111111100000011011111101100111.-11.16.Νο1. 18110111.) 1101111111111111001111100.
0110. Vm. ⁴227.

20084. 01 10010011111 1111011 8011100111 01801001010101101 0111 01111 Fnr-
010011030110 010 0110010001111111 11111001ος 101000, 11101101. a. 110011 010 0011111111 11

01001, 1101100100013 11111 110 K. 1181111111 11110101 011 1110011111 111 011111 1100111

11111111011111111010 1000 811111. - 16. 1101. 17101111 0111101011,0010.1.11101110
u. Braunsehweig 1274.

· *20085. 11. 111111 X. 001111 0111111 011111111100101111111,1111180110101001011
1110018110110110101111 111 00011011.110110,00011011., 1010 001011 11111 011111. -
0000101001, 17. November. (71101111 001111100111111111101011110010110111118718130.

’20080 0011110110 11010111 8111111111 111 ιΜο0111010111111110111 11 0000100.
01011 010 00111111111011 010, 11 010011 00111 8101101011υο med 8110111101 1111101111
1131111 1111111131 og haederligt som 0111111111. - 27. Nov. (Fransk.) 11011111 de constantin
11011101 S. 190-91.
20087. 001111 10010 0010111111010 11111111 111 11. 11111 X. 001111, 11 8111-
010310 111011110100381101010310 ningo 1 711. Han 01011 om 8011111101ος, 1111111110
010 ikke 1011 sig 10111 1111111 011110110001131101 100 0111101 1101110111 11310011. 111-
10110101101 81100101 11 1011111 11100111. - 1100011100οσ, 0. 18. Novembris. (8110111
10111. 111. 11111. nnn. 11111. 110-13. ’
“ ’20088 11001. 11 8011011100011111111111 11111111011010111111 111 1101100011

mulige Fredsforslag 0010 11010110 med de 00111101. - 1011110010, {3- Nnv. 1110111
Udt. i 1111. 0.1011011.1.01110.0. 11011. 8111101110 1111101110 100 8000100011 1111. 870.

 

