16118.
91. 11111.

21. 11111.

25.. sum.

26. 11111.

28. 11111.

1692 11111 1111111111 111 Tarum.

*lssss 11. 111. 11131 111111113 11 Μο3111 11113 1311131111311 om 1111111111
mollem 1111111111 131113131811311, 1111111 111 111111111 11311 1111113111 11111111 disse
813111 11111. -· Rasum, 1. 24. 1111. 11111111111111.11.118.

*19891 011111111111111111111111 11111111 811111 011181111111, (11111111-
3111111111 811111, 1101111113 1111 11 1111111311811111111, som 11111 1111 (11111.
- &mmmmm d. 24. Juli. 18111111.) 1111.181111113111111811111111111118108.13.

’19891 11. 1111111. 611111 1111111011111131111111111111111181111111 1 1111111

1111111 111113 11 1111111111111111 1111111111 111111. - wimar, 25. 1111. (131111 uss 1 nedde-
1111111 11111111111111111111811 S. 129.

’19898 11111111. 1111111111 1111 1131111111 8111111111 11 1111111113 med
11111111 1 1111311. -- Kjobeulmvn, 26. Juli. 1111.11111111113.11.1111.

’19891 C. G. 111111111811111111 111 11.1111111.011111,11 111, 11111111 Vinden
1111113111113,11111111111113111-1111311 1 1111111111 11 111111 1111 811111, 111 have

1133111111111111111111. - Datum Mr'ddelsalsrt, 1. 26. 11111. (811111.) 1111111113. 5. 1
Ι, 990*91119898 11. 1111111. 611111 111111101111113111111111111111118111111 1 1111111

. 11111111911111111111111111111111111- 11111111211111. (131111 1111111111111 111

suno-Augusto.

8. 1131111.
1. Augusti.

6. 1131111

6. 1131111.

6. 1131111.

8. 1131111.
8. 1131111.

11111111111111111111811 8. 129. Ι
’19899 1111111111. 811111 1111111111 (11111113111111111 1 811111 (1111 81111111,

11 han har 11111111 at 113111111111111, 13 1111111 ham 11 111111 111111111111311 111

11111111,11111111111111113111111111111111- 11111111,1.28.111. 1811111.) ussi
11111111 1111111. 111. 19.

’19900 111 11111111, 11111111111111 hos 1111111111111311 1111111, 1111111
11. 11. 111. om, 11 111 1111111 111131 13111 at 1131 81111111 1311111111111111111, 13

111111 ham 111 11 113311 111 111131 11111 1111111111111. - 11111 Datum. 11111 011111
sysara, 1111111. 1111111111111. S. 19.

12123. 1111. p. 1111111 111111191111111,1111 11111111. 253.
*19901. 11111111 1111111111 professor Μ. 1111111311 8111111111, 1111111111] 111111-
1111111 episcopum, rogat, 11 Μ. 1111111 Petri, Pastorem 1111111111111 11111111, 11 111-

11111 111111111111111111111111 restet, 1111111, eique de 1111 studiis scribit. — Hafnioe, 4. 113.
1111111111. 81111111. 11. sss-74.

*19901 1111131111 111 1111311 11131111 1111111311181131111113111181111111

11111111,11111111111131111111111111111111111111- stbenlsavn, 6. August. 1111. og
1111111 1 11111111 113. 11. 811-18.

’19908 11. 1111111. 0111111 1111111113 11181111113111111111 1 811111 111 11 11-
111111 dem 11 111 111111111111, som 1111 111111 11111 pas 111 111111 8111, sorn

11111111. - Sheppet Drakon, 6. Augusti. 18111111.) 1111111.131111.1811111311111181111111111111
1868 69’81999301111111.11111111111111111111111111111111111, 11 111 11311111111111

st 11. 11811113 11 11111111 11111111 1111131113111 111 11 311 111 11111111. - ἦ. 113.
(Fransk.) 1111. 1. 1111111. s. (11111. 1. 111111111111111 1111111111 111 111111111113 11111181-88.

12730. 1111. 13 1111111. 1 vort 1111111 1882111. 46.

*199011 11. 11. 11151 0111111101111181111111, st 1111 strar 1111 113111113111
1111111113 og 1111111111 81111111111 111; 1111 1111311101111 mss 111 sj 11113111

1111111311. - 1111111111111113. 1111111113.1.11.1.311. 1111.13111111.111111111111
1881 111. 91.

 

