1118.
11. 111.

1686 11111 1111111111 111 Τ11111.

’19829 811111111111111111111 81111111 111 1111111 christine, i 11111111 han
11111111 111, 11111 hun 1111 111111 ιι1111111111.81111111111113111311311111, 13 lover

11 11111 111111 1111111113, 1111 1113111111 11113. - 1111131111, d. 111111. 3111111111.
1111111111 8111111111. 188-87.

12595. 8111111111, 1111111111 1111 11. carl 11. 11111111 111111 pfl 1111111111 S. 14-47.

*19831 111111 1111111 111 811111131 1111111111 11 131. 1111111 11111111111111 1
811111, 11 han 11111111111111111 1111111111 11111 1113111113 11111 mode 1 Manno d.
15. 11111 111 111 1111311 11111113 111 11 31111111131113 med 0111111111; han minden· 111,
athan 1111. 11 1111111111 111111311111111 (1111 her i 111311, 1111 1111111111 31111 al 111
71111111 111 11. 11811113 1111111111 1811111, som 111 1111111 11111 11111 1111. -
1111111111, d. 11. May. 81111113111111 81111111111111 1868-69 S. 89-90.

*19831 1111111 111111 heder de 131. 1111111(1111111111111811111111111111,
11 han, 111111 11. 1111111111 har 11111111111111111 1111111131113 131111111111 Len

. 111111111111131, 1111111 1111331Ε11111131111111111111.-11111. 1111113111

12. 11111.

11 11111.

12. 11111.

12. 111 22. 11111.

17. 11111.
17. 11111.

17. 1111.

17. 11111.

1 81111113111111 811111 11111111 1868-69 S. 91.

*19832 [1111111111 1111111111 8111111111 111 11. Fr. 111, 1 11111111 111 1111111113
1111111111111 111111111111 111111111131111111 med flensyn til Udleveringen 11 1111111111.
- 12. 1111. 111. 1 1111111111. 1 1. 11. 111-11.

*19831 1111111111111, 811111111111 1111111113, 11111 1111311 111 1111111111
11111111 1111111111, 113111 hans 1111111 111 111111 1111111 13 ikke 1111 311311111 111 11.
—- Rudlqjobinq, d. 12. Maj. 1111111111181111.71.317.

’19831 11. 111111. 11111111 811111111 111 1111 111111111111111 111111111111 11-
31111111 111111111111111 811111111111 111 111111 (1111 ’1111111111 1 Suadet. — 12. 11111.
18111111.) 1111. 13 1111111. 1 (1111111111, 0111111111111 11. 1111111. 11111111 11111111 11111111 S. 111

’19831 1111 1111111 (1111111 1 1111111111 8111111111 8111111111 111 11. 11111 x.
811111, 11 hvis 111111 111111 1111 111111 1111 11111111111111111111111111111111111, 111
han 11111111 11111111, 11 han i 111 11111111111 manle 113 med 111 111111 1111111111
(1111 1111111. - 221111. 1811111.) 1111. 1311111111111, 1111111111 1 1111111111 1111-51 111,

’19831 113111111110111111111 11111 11 131111111111111111111111 i 811111
1111111111, 11 1111 1111 1111111 11111331 Ed til 11.11811113; han 11111111111311111, 11
hans 113111131111111, 1311111111] 1111111 111, 111111111111111111111 1111113111. -
13. Maj. 1111111. 13 1111 1 81111113111111 811111 11111111 1868-69 8. 92.

*19831 11111118111111 11111 11 131. 1111111 111ωωί1111111 1 811111 111-
1111111, athan, der nu 1111111111111111111.11 [11111111 1111 11111111, ikke 111 mode

den 15. 11111 1 1111111 111 11 1111331 11 111 11. 11 811113. -· 11111111, 1. 15. May.
81111113111111 811111 11111111 1868-69 8. 91.
12604. 1111. 13 811111. 1 (11111111110111111111111 1181111111111111 111111 11 11111111 S. 15.

*19838. 0111111 11111 Ρ1111111111111 1318111111 8111111 11. 1111811111,

11111111 111 111111 1111111113 111 3111111111 11111111. - 11111, 1111111. 18111111
1111111111. 81111. 11111 111111. 381-83.

*19839 0111111 111111 11111111111111 13 J. 8111111’Β11111113 111 11. 1111111. 1111111
11311111111111111111. - 111111,1.17.Μ11. 18111111 1111111111.1111111111111111383-411.

*19840. Oberst 111111111111111111 11111111 (111111 Otto 81111111, (1111111-
31111111 1811111, 13 11 131. (31111111111111 11111111 111 11 111 11111111131111111

 

