1542 Kono 10100001 0001110001.

1611181111- ·18190. Epistola 1. 00111101 00 [1000103010 81000001, episcopum (1011011001000001,

quaeum ei ritum coronationis 1031001 01 equitum creatorum nnmerum 1011111. - Hasm‘oe,
l. [10001110. 1111100101 80101. 3. 11. 11. 186.

1110111. *18196. 11. 10111. 0010101 1100010 01110 0100 111 0111100000000100100103 000-
10310 0110101 01 0101011010000100000 poa 111001 810100110101101111100 211010 0000100103
111 110100000 03 2 8101100310 100 001 110010 1103101001, 0001 00000 00100 0031101 01
100010 1001031, 03 01010101 001 101 31011 0000110100 100 0000 00300100. - 11010100,
4. Decbr. Udt. 1 111000, Personat 03 100111101 0111111001 11100 11. 100-01.

4- necor. *18197. 11. 111. 111. 001010110000100000 0011010001111100 1 00110 03 001010 101 01
00101100 30011011. 001113 011000101001031 111 101000001101000 0101010 8101. - Halon,
4. 1100111. 001. 1 111000, 1010000103 1011111101 1111101001 11100 11. 100.

01100111- *18198. 11. 111. 111. 0010101 1111111101 01 0010 ’111030 1000, 010110000 00130111 0100
1101111103 101 00 30 10100111101, 10100001 1 010 110 001 101101 8001010003001, 03 0001 001

0101 0101100 00101103 101 100101100103 000 010. 1000 110030 11000010. -11 December.
1110111, 1000 111103 S. 201.

6. necor. *18199. 11. 111. 11130 1100010000 poa den 01 0000001030 1101110001, 1100101113,
11001001 031100113 100311001001000103 001 0011000100 011111110310100, 001 8000101000

0310101101 810100011. - 6. December. (Tydsk.) 1101. og 0101101. 1111011011. (1110101110 r. 10·
0001110οο 0000010010 1. 13-10.

10110001· ’18200 1110.111.’011011011010000101 pan 0110 001110103101, 0001 011100110100
1100301010 31100 1101110υο0100 pao 11010301. - 10. 000. 1101 1 11101111, 001111101ιο 0101000010οᾱ.

20110011. ’18201 11. 111. 11130 [1111101103 111 00110100010000101 0003100300100 101 100-
1103101011 0101001 100 11010111001100001 003 1630, 00 000 1000103 10001 0110100000
10030, 1110. Aug. 1648, 0010000101οῑ 01010001010101. - Rasum, 22. 00001. ndei

1111100, 1011000103 1010010101 11011101 11100 11. 101.
21. 00001. 10267, 810111. 01 1010100.

201110111- *18202 11.10.111.’0 0100110 111 Hannibal 80000100, 01 000 0101 1000 00 Per·
00001, 001 101 01 have 0110101 03111000001110301 1100110100οε 110300 010 010100 demto
til 00310 ears 11100100 000 Holmon, 0110110 0100 01 0100]οε 10]·013110110100, 003 000
11101000 0010010103. - 10118101 110οΜ000003, 0. 28. 00000101. sectr. 01 1101011111.

. *18203. Rigsrand 100111 Annon Snnvms's 811110100 111 111. christino 01810113,
01011 000 01010101 00 101 00310101 01000 0100100000 1110101110 10011000130100001001
8110113 og dem i Danmark. (Fransk.) 1101000001, 1101001100 0000010. 00110000 10100 00 811000
1. 130-38

’18201 0010300100 003000000 00 01810000 100001 1 1101000103 01 1110010300

111 11. 11. 111., 0100010300 03 0110101311001010110301. 111001.) 0111111110011010101001.
10000111000 0000010010 1. 10-48.

e post 1648. Post 1648.

’18200 Hert. 1110011010 111. 01 00110100 81010100 111 00100100, 01011 000 00-

00101010101011011011111, 0010001010111000110100111311000010. 111001.) {transtinet-
100, Vere. 0. 8000000110. 0.111010111011011111100101. 1. 191.

 

