15. 111111.

16. 111111.
16. 111111.

17. 111111.

17. 111111.

*16897 111 111111111161111111110111111111111 11111111 1111111111, 11 111 111111
6111111 111 111 Lippa har 111111 111 11331 1111, 1111111111111111 111111 11 1111111111-
1111 1111 811113, 11111, 11111111111 111111 1111111311 1 11111 1111111111, 111 61111 111,
11 11 1111111131 11111 13111 11111 111161111111111 13 6111111 [111131111111; 1111131 111
1111111111, 11 11111111611111111, 111 med [1111131111 1111, 11111 1111111111111111
11111131. -01111111111111, d. 25. Jan. (Tydsk.) 6111111111111111111111111111111·6111111311.398-401,

16898. Brev 111 111 1111111 6111111 111111 til 81. Romaiu, 111111 11111111 91111-
1111111 81111113 i 6111111 13 111111 111111111311 mollem 01111111 13 811113. - 211111.
(Fransk.) 1111 p. 811111 1 6111111111, 111111111131 1113111111 11111111111131111 1111111111 11, 1. 152.

8937, 11111111 1113111111111 11111111 11111111111101111113 1. 176-78.

*16899 8111111111 11111113, 111111 11111111 111111111111111Μ1111111111311111
8111131 1111111113 11 1111111111 Η111111 13 Ρ1111111 111 11111111111111111111111 maris
Balthiei; Hollands stater 111111111 om 11111111111 11 11 61111111111 til Νο1111; 111
1111111 11111111111 1111111111, 11811113 ikke 11111111111111111 111111131113 om denne
Sag. -61111111-1111119, d. ἓξ. 1111111111. 1111111.) 61111111,011111111111111111111-6111111311.403-06.

*16900 111111111111 11111111111111 81111111 11111111111111111 1116111111 i 11-
1111113 11, 11 111 vil lade 11311 1131111111 8111111113111 11111111 81111. - 17111111,
1. 11. 1111111. 111111.) 1111111111 1111111113 111 11111111111111111 1111111111 1611 c.

’16901 1111111611111111111 111. 1111111111111113113111111 11 1111111111111111111

, 11111111111111 1 111111113 11 6111111 11111111111 111111116111111 ikke 11 1111811113

17. 111111.

17. 111111.

18. 111111.

19. 1111111.

11311 fljaelp, 1111 11111111 111 1111131 1111 11. 11 01111111 11. - Wien, 1. 27. 111.
(Tydsk.) 8111111113 Tryk. 2 Bl. 6111111,1111111111111111111111-6111111111. 414-17.

116902. [111111111111111111 111. 111111111 sine 6111111111 0111111111, 11111 111
1111111 111 111111111 1 1111111113 611113 von Plettenberg at underhandle med 11. 11 [111-
11111 om 611111111111 811113, 13 11111111 dem 111111111113111 11110111111311111
de tidligere Forhandlinger. - Wien, d. 27. Jan. (Tydsk.) 611111111111111111111111111111-
611111111 11. 411-13.

*16901 11111111111111111111 11131 1111111 111 1111111111 1 61111113 611113 111
Ρ1111111113, 1111111 11111 1111 61111113 111 11 1131111 113 11111. 611. 111. 13 11111 111
Tilvejebringelsen af 11 111111-1111111111111 monem ham 13 11111111 1111 811113. —-
27. Jan. (Tydsk.) 1111. p. 111111 Ι 1111111111, 1111111111 1111111111. 611111111619-166011193-94.

8941. 1111111111, 111 11111111111131111111 nugatorum. 111113. 1111. 1111111111, 01111111111111
111111. 61111111 1629-166011. 378.
’16901 DE 1111111111 6111111111 1 0111111111 11111111 11111111, 11 111 11

111 1111111 11131113 111Μ1111111 1111111111 1111111111 1111111111 111 111 [1131 siden 111
1131111 113 111 111 11111111 Η111 1 Η111111; 11111111111, 11 1111111111 311111 113 over
1111111111 11111111 som 11Μ11111 111 11 1111111 111111111111111311 11. -0111111111111, 1.
28. lan. (Tydsk.) 6111111,1111111111“1111111 medens-canum 11. 417-19.

’16901 111 1111111111 6111111111 1 0111111111 11111 11111 111111311111111111
11311 111 61111113 1111113111 1111111111311 11161111111111 16111111-011111111111, d.
28. Jan. (Tydsk.) 6111111, 0111111111111 11111111-61111111 11. 110-21.

’16906 111111 1111111111 1111111111 1 6111111111 givet 111 1111111 11111111111111111111
611111111113 om Μ1111111Το111111ο1181111 ved 11111113 13 1 1111111111 11 1111111111,
111 31111 11111111311131, 11 111 nu er 111111 11111111 Jylland 13 11311 Del 11 Fyen3

 

