Kuuu 1333333 333 Taunus. 1691

313333 333 31 1381311311333133311111311, 33133 1311131 1313 8133133 kunde 1333 33331
133331, hvis 1313333313 11311331 1331331331313 11131. - Datum 1131133313, d. 20. Augusti.
(Svensk.) 1133313 11331. R. 1. 293-94.
’199311 133333313131133313133 111 de‘n Ι3333313 1113333133, 31 11333333 Laud· 21111311·
gaug 333 81311331 suiv 133 133 1333313 33 33331313 (1333311133 33113133 1113131133. - 118111·

30. Aug. 1513331.) 133131. 1 13133, 11113. 1. 113331. 333 83331333 33113133113133333 dipl. 1131. 33133
Ruri 11. 1131131 S. 89-911.
’19931 1333333333333333 1333131133 3311333131333 3133113313 1111333331. 20. 3331111·

- 30. Aug. 1110131131.) 11113.13333111311333-13313113,13331311111253.
’19932 013331 1333 1333333333 8131113133 111 1113111, 31 1133133 31133313 21· 11111111

113333 1 133 333313 Grau, 11131131333331 33 333133 33131311. 1133113333 over, 3113333333
313133 1133333 3311 3338131131 sum Fjeudeu, og heder um 31 13333 383113133 031331
1131133333.-0333331333,1.21.133. (Tydsk.) 1133313133. 3111311-18.

’19931 C. G. 1133333333 8131113133 111 11. 1133111133131, 31 1331331133, 1133333 21. 133331.
31333333 113333311333133313313311331333313313111333 33 113331 3313333113133313331333313-

3133; 133 givet 113133313133333 Beiejriugeus 133131 33 313133 313 11131133 1333381313.
- 1131333313, d. 21. Augusti. (13131338333311 1331311335. 11. 1194-95.

’19931 11. Fu. iii's 33133 113331111133333 333 81311331, 31 133 31 31 Magi 3131 22· Augusti.

vaere 83331133313333 behjaelpelig med 31 31333 1133133 133 313331 3331133 1111331. -
Basilice, 1. 22. Augusti. 1333133313.13363131333331.11,1111. S. 29.

’19931 11. 13. 11133 13131133 111 0131313113· uiue, Leusmd. 333 113331333, 31 1111311111
133 ej 33333313113133333 111331 med 1133133333 33333133 333313133331313331
3331133. - 3111111οὸ31333 1. 22. Augusti. 1333131133.5.1.1.318.

’199311 11. 13311133 81333133 111 133333133133 333 [13331313 33331311, 31133 12- Augusti.
under ingen 03313311313133 mua 33333133 1331313333, men 3131 3333113 133 1311331313
113133113133. - 1111113133131113, 1. 22. Augusti. 1333131133.5.11,1.318-19.

’19931 11131113 13131133 111 0133311133133331 1133333, 31 133 3131 113133 2111333311.
113333133133133 med 31 13333333 113331333 ι111 133 3133313 Munda 331131313113333·
1333 113333331333 1 133333 8131. - 1111131333, 122. August. nansia 1133311. 1319.

’199311 11. 13. 111. iuver 113311313 833311313313333, 31 133 1113 1131 3131 133 21333333.
31331331313333 1313113, 3133 33333 11133 11113313 13133331. -- 1113133131331311, 1. 22.
Augusti. 1333133313. 133 6313133331. 111. 228-29.

’19939 13333311133 133 1133113333333111. 31 6311333 111 6333333333 1 813133 21133333.
3313313133331133131333 oui 31 33333133 133 111 1333, 131333131113333333131131
31113 131311113 3113 11331111313133 33 33133313131313333. 111 (11333311 313113 133 uu·
3333313113331333 133131 133311333313. Naar 133 1133 31311311331, 33113111333331
31133133 111 8333133 33 113333, 313113 Byeu og 1331313333 3133331333 111 1333. -- 113313-
1139, 22. Aug. 111181.) 131331311313133333331133131333313131331645.

’199411 (1.6. 1133333333 811133133 111 1111331111133131, 31 1313133313333 33 33133331.
1133113333 mod 81333133 133 1111 333 333331, 3113331313333 133 13331 1133333333 bort
133133; 133 13133 333 flers 81113, 3331333, 1133313133 133 3131 13113113 313 med 13 1133-
131331113, 133 31113 33113 31333333 833131, 33 133333133 333 given 1333313131331133333
133313113 31 1333331313113131 111 1131331313. - 1131133113, 1. 22. Augusti. 11313133
Svenuk.) 13313133. 1. R. 1. 296-118.

 

