1629.
00. 1101.

10. 1101.

27. 11011.

28. 11011.

1160 Koko 0111101111 011 110100.

...-- -..-.-.-------——-—-—--———-—......-.i-

*1387'k 00113101011101110111010 00010 0101, 1 0111101 001 01110101, 01 001
01100000 10001 0110110010 1 01111011 011001Ιί3 001001011, at 001 0111, 0011 0011001000101
poa 8101101 1 0100000010 01 01 00 0111. 001301100010, 101 101311101, 03 0111110000
001101 allerede 0013013 00100 0010 1110010010 1111010. -01011130010 Proetzen, 0. 20111011.
(Tydeia) 10110013,8101010111111100101110101011 11 292-93.

’13818 1110113101 01101011100101011110111100101Μοο111101011001001, 1
0111101011011111113 310110301 010 101011110010100 1111οῑ113 1011110 0101001101103, 01001
0111, 0011 000 10001 011 000010 1110111011 01 0100 01 1100130 k'jenere, 10101011 0011

111010110113 poa 01010 01 0010 1100 11131. - k'tbioqea, 0. 20. maji. (010011 ttottoarg¹
8100010 1110100010 0101010011. 291.

’13870 10001011 Sam 1011110 Skrivelse til Hert. 11Ιο10001 01111001010, 01011 1100
01110101 110001 1100 00111011 0011 010101110111101 010101. - 1100110, 30. 1113310. 1110110101.)
0010100011, 010 00300100 0. 1100110111 11110101 1. 011010 0110010110 S. 101-02.

’13880 001011113 110 001 000011000010130110111111 0111000 111 0010101010·
10110 011 810001811010110 03 0000110111 1100 00 1101001030. - 0011111301, 20130. 0101.
(1101Ιο01101.) 010001, 1311011 001. 1 1001, lingonum-pemmonem 00000100100 vl. 500-29.

’13881 0011. 0101100111 01 1110010000 811110100 111 0101 00110110, 01011 001 11011-
00101, 010101301010101030100111010 010 11011101010 01 0000100110 010 01 1100300; hiis
der ikke 011101 1100, 100 000 ikke undvaere 0011010; 001 001 1 01 11001 000101301101111010
1000111 1111111010, 1101111 ikke 10130 0001011101113010 0000 010 01 000103301111010 og

0001011000 dei. —- 1111011011, 31. Maji. (Tydsk.) Chtumecky, 010 Segesten 0. 1100110110 1100101
Ι. 011010 1101οε10100 S. 134-35.

*13882 0000010 01011100 Benjaminum Maurerium epistola, 10 qua commemorat,
103011 001110,010000011010011101, oum imperatore transegisse, se 1100010, 010 imperatori
obstent, relicturum esse. - 11101110, Kal. 10111. 0130100100011110101681803.

’13883 0011. 0111110111 01 1110010000 811110100111 0101 00110110, 01011 000 1113101
101, 01 k. 01 00110011, 001 01101000 001 310101 11013001 03 synes at 1101030 111 01 ny Lek-
tion, har 0011030301 013 81011000 'render 03 Gottorp saort Frederiksstad. - 1111110111,
2. luni. i'i'ydsk.) 0010010011,010003001010110011011111101001. 01101011’0100101108.137.

*13881 Hert. 1101110111 011110010000 811110100 111 0101 00110110, 01011 001 1111101

pao, 01110000 med Danmark 10011101 1 81010. - rostrae, 3. tuni. tTydsk.t 0011110011,
010 00300100 0. 1100110110 1110101 Ι. 011010 0010010111 S. 138-38.

’13880 Hert. 1001110111 01 1110010100 811110100 111010100110110, 01011 001 1100·
00101, 01110000, 0011001 1100001010110101, 10 01 10111001 1 81010; 000 00001 0011 011 at

0010011100001101001113000110101101.- 1111111110, 01011. 101001.) 0111111011,01000300101
0. 1100110111 1100101 k 0110100010010100 S. 139.

‘1388o 11. Cart. lV.’s 0101 111001101 0311010000101 100 01110101101010100 Be-
101113 11101101010 01310010 1103000100 0111110101 110110110100111101111 03 0010 11110110.
- stote Kiobenltoffit, 26. Maji. 0010101113.0.0.1.141.

’13881 Hert. 1111110011 01 1110011110 0100011101 0101000000, 01001 1 00001 01
3 0030 0031101 013 111 11010101, 00001 001, 01 11. 0100111011 0113000 1100 ’100101 001

0110103011- 1111111011, 6. tuni. 113001.) 0010110011,010003011000110011011111001011. 011010
1101001οἰ10 8. 143.

’13888 k. 0011. 1130 0101 111 0111110001110011 01101101011301001113010110001·
00301001 101 01 0011010 001 111101130 1010010 1 81301 mollem 111000 0010, 11010110. 1

 

