110110 00000001 om Tmmm. 1077

1650.
*18591 11. 011. 11130 811110100 1118110100 0180110, 01011 000 00001 ham om 01 1111111111-
, 00101010 01 0010010οῑ, 1 011110100310 01013010000100 03 00 1010010010 1 00010011 010110

001000000001010101301000110101.-11011,10101. 1130011 um. 00 3111011010. ⁰¹⁰¹
0010010100 00 1100011000 S. 140-41.

’18590 1100. 111.’0 00100101 111 0103110003 010 0011130 1100 400 0011. 0100 12. 1111011·
1000 0011, 00000101 1100010 10030 110000130010 0100110 001010 101001111103 111 01 0310
111. 9001101, 1000 01001 000 1010001031οῑ1 200103 3010 100. - 10. April. 1111110001,
010300οΙ03 8. 117-18. “

’18093 11. Fu. 111.’000101103, 01010000001100 100111 110010 skal 0100 81011000101 13. optma.
poa 1130 81101 03 100, 0010 2 0011813110 00 01000 1 00130. - Raso, 111111.
800011103, 1100300οι 01010000 10101 S. 431. ,

’18591 11. 00. 11130 0101 111 101300 8001010, 01000 0101 1000 01101001111110 000· 13001011·
bryde 03 01110 111 8100011100000, 000110100 1010300100, 00111330100001018001010300,

010110 1001100 10003330100 111 3000, 0001 1010010010οο 010 00101100. - 13111111.
1101. 1 0013, 80100 0101. 1. 810001101001101101- 03 010010 11101. 8. 124.

10896. 101001000131101100000, 00103 01 C. 10000 100001110. 011664 0018001030 11111100- 15¹ Aprum,
1000 S. 66-69. -

’18590 11.00.111.’0Ρο010181100181.90001, 0010 001001010100131001000010 10111100·
1100100301 0101 110001 110011οἰ0 110110 00000110 110011000οο 00110 [1101001000. -1101111110, 0.
15. 1111111110. 01100000, 110103 01 0. 10000 100001010. 01 1664 001 8001030111 01001000 8. 69 -10,

’18590 11. Fu. 111.’0 000 101811001 81. 100011, 0010 1101111010 David 000011 0101 10011110-

101010100131001000010 11001ρο301111 01001000. - Hoffoioe, 0. 1010111110. 1111011000, 110-
103 010. 10000 100001010. 1111664 001 800103011101001000 8. 10-71.

10899. 00100101. 10000, 1100111. v. 0. 81001 1101 8. 034-46. 16· 0111011·

’18591 K. Fo. 111.’0 0101 111 101300 8001010, 01 000 skal 11100100 00000100 1 11101011·
11110100 011001131Ιο 0100103001000 1110100011100000. 000001001 00 110 0011100010 10000-

0301 010110113010000100113110 00100 0000 03 0010 111010 001111 110 00 110 0011330000
1101111001. - 17. April. 001. 1 0013, 80100 0101. 1 1100000100 1101101- 03 0100100101. S. 124.

’18598 K. 1011130 811110100 1110000011 111 Hert. 011010110300, 1 0111100000 01- 170111011-
0100100000011001000103 010 0000101 00010011 03 00110301, 01000 ej 100 10000100000

1101103000 001000 101 0101 1101000101 Christian, - 11110111. 1101101 1101. og 1110001.

101300, 01010010010100 001100011οἀ0 8. 143-44. 1111. 000 1010110301000000010000001010110100110101
03, April. 8010100. 8. 14010014.

’18590 100001010103 110 000 0000010 0000001 1 1100000010 0101 0000111100 1111111110.
01. 0. 001 000 000010 1100001 1100001000, 00101 01131101, 001 00001-00110010101100100301,
som 000 ikke 100001, 10010101000, 00011 010 00000110 00100Ιο 111 0031000. - 21. 1101.
(8111111011.) 001. 03 010001. p. 110001 1 01300, (1101 0010010100 00 0000110οο S. 108-09,150-03.

’18600 1111011130 03 11011000000111111. 0100110100 0101, 11101100 00 110· 19. Aptius.
011110 0οζ1000003 101 0011030010010100 111 0111001 1 0111000013. - Veste 0100111001,
(1191011110. (Tydsk.) 80111. 0111010100.

’18601 1011110110 0110011 00 Nicolaum 0010011101 00101010, 10 quo 000000100101, 23. optma.

1011310111011100111000 1110010010 operam oon poenitendam 000101000000. —- Patavii, 111. Moji.
0011000001, 8111030001010101001 1. 400.

 

