1659.

14. 1111111.
14. 1111111.

16. 1111111.

16. 1111111.

16. 1111111.

19. 1111111.

1720 1111 rarorum 111 Turum.

11111 81111111 med 1111111111113111111, som har 11111111, 11 111111111111111311 ingen
indiiydeise 111111 1111 1111 [111111111311 1311111111111 1111111111. - 11113, 21. 11111.

1Τ111111.) 1111. 13 1111111. i Uri. 1. 1111111. r. 1111111. 1. iiuri. Friedrich wilhelm ron 11111111113 =
111. lsi-89.
*20209. 111111 1111111 111111111 11111111, 11 111 111 11 1 1111111311, 11311 i

Forraedere‚ som 11111 111111 1 1111111111 med 1111111111, 13 11 111111 11 11111 3
Pianer mod 1113111111, 111 111311111; 11 111111, 111111 111111111111111111113111111
111111111311111111. —— 1112111111. 1811111). 1111111111131111111111111.1111111111.
13161. 1111111111. 1111111111111111111 11111.11111.111-11.
’20210 11111 1111111111, 1. 11 8111131 1111111111111, 111111111 11311. 13 Rari
1111111311, 11 111 (11111 11111111131111111111 1111111111 111 11111113 111 111 1111

1111111131 111111 1111111 1131111111 1 811111. - 1111113111, 1. 1111111111. (Tydsii
1111111111. 111 Geheimearch. 11111. S. 26-27.

’20211 111111 11111111 1111111 111 11111111, 11111111131110111111111111
111131 1111131111 11 11111 11111111 11 1111111 13 11 1111111118111, 111 er 11111 pra

11111111111 11111. -111111113111, 1. 1111111. 1811111.) 11111111111131111, 11111111.
11111. 1111231.

’20212 Μ1111111111111111111111111111.1111111111113, 11113111111111111111 ,
have 11111111 1131111131111 11111131 Ρ1131 1111111 111 [111111111311111111111111111, 13
11111 1111 1111311111 111. 1111111113 11111 1111111 111 111111111111111, 1111111111111111311 j
ai 11111111, 13 111111111011111 111111 1111111 11 11111111 113 11111113 13 under· r

1111111111111111111111131111. -11111111111, 2111111. 111111.) [111. 11111111111111.
1. 1111. Friedrich 1111111111 111 Β1111111113111.190-91.

*20211 1. 11. iii. 11111111111311111, 1113111111 13 christophor 111111, ai
8111111111111 indiii 111111 1111 1111111111 1131 med 11111 111111111111 1111111111111
Fods. - Hafm'oe, 16. Marti. Α111111111.111(111111111111.11229. 1

20214. 1111. 1111111111111 11111111 111 11111111 111 1111111131111111 111
1111111111111111113, 111 111 11111111331111, 11 man 111311 1111111111111. - 1111113,
11111111. (Tydsk.) 111111111111.11111111.1111.1111111111011111111111111111113 1111381-111. 1

*20211 1111. 111111111111111111111111111 Weimann 13111. Copes 1131111 }
11111113111111111111111311 111 1111111111111111 11111111111111111111 11111311111111111, ἦ
da 1111 11111111111111 111111 11111 111 111111 med 1111111111.- 11111131, ff. 111111.
(Tydsk.) Udi. 13 1111111. 1 Uri. u. 1111111. r. 01111. d. 1111. Friedrich wilheim 111 11111111113 111. 181. ¹

20216. 1111 1111111111, 1. 11 8111131 Feiitojmesier, 111111 1311. 13 11111 1
1111111311, 11 111 111111111111111 dern 11 sparge 111, 1111111131 [1111111111 11 1111111131-
111111111 skal 11111111 113, 13-1111111 dem ai lade 1111 1113111311 111111 de 11111111
1111011111. - Helsi'nqiiiir, d. 17. Martii. (Tydsli.) 111111111111111111111111111 111, 1111. S. 21.

*20211 111111 11111111 11111111 111 rader 111 11 1111111, 111 111111111111
[11111111111811111 ·Samron·; 111311 1111111111111 111 111111310111 311 111 811111 1
111 11 passe pha 111111111111 111; 81111, 111113111 113111 11311111, 11131 113 111111 Ῐ
1111111111 med Vin 1311111.-(11111113111, 1111111111. 1811111.) [1111111113111. Ι
111 11 6111. 11111. iiiii. 231.

20218. himmas [111111 1111111111111111111111111113 111 111111111311 11
111111111011111 13 111, at de 4000 Md. iijaeipeiropper 111 01111111 111 11111111. -

Amsierdam, 29. 111111. (Tydei.) Udi. 13 1111111111111. 1111111. 1. 111111. 1. 1111. Friedrich 1111-
11111111 111111111113111. 192.

 

