1659.
2. septbr.

1742 111111 1111111111 111 111111.

’20445 011111. 1111111111 1101111111 11111. 11811101111111 111 81111111111 1
111110 11111 11. 118111111 11111111, 111 1111111011111 111 11 111101 11111111111111111111-
viani iii 1111111111, om Subsidier 1118111111 1111111111111111, og 11111 1111110111111
11111111 ham 111 011111111111111 1111111101 01111111111 11 11110111111111111111111 111 01
(11111111 (011. - 1111111, 12. Sept. (Tydsk.) 011 1. Arimi. 1. 01111, d. 1111. Friedrich wilhelm
1111 brandanburg vii. 268-72.

’204411 1101111111.111111111111110111111 11οο01111 111111101111111 101111111-
111111 11111111111101 1111011, 118111111111 111111 11 11111 111 8111111111 111111 11111 iii 10-
111111 1111111 11111 11111101 11 1111111011 11111 111011111111111111 11011 1101111101111111
1111111 Μ111111; 1111111111 11 111 ai 1111111111011 110 111 Vinieren3 11110111111111-
11111, 111 1111111111 111 1111011 11111111. -11111111011111 111111111δί11, d. 128111·
1111111111. 1301111011.) 11111111 111 1111111111. 011111111111011111111. 811118. 11111. S. 370-71.

’20441 0111111111 111111111111011 111 1111111111, 110111 1111111 har heretici

ira Horedirrarierei, 11 1800 1111111111, 1800 81110111111111 111 1200 1111111111 111111

11111101 1 Η1111111. - 1111111, 3. Sept. 1111111111. i 11111111, 11111111 111111.111111.11,
3¹ 8ιὸ’1513290448 111111 1111111111 1111111 111 11111011, 11 011 11111111111101 11111111

111111, 011 1111110111 111101 1111111111111111 111110111 111 1111110111 1111111111. -11,
3. Sept. 18111111 Udi. 1 1111111111.11111,1111.139-40.

20449. 1111111 11111111 1101111111111111. 118111011111111 om 011 1111111 011-
1111 1 81111111111 1 11111110, 111 1111111011111 111 11 1101 1111111 11111111 0111111111
111101 1 Sundet 111 111 ai 11101 11111111 111 [1111111111. - Haud, 15. 81111. (110111
011. u. 1111111. 1011111. d. iiuri. Friedrich wilhelm ron 81110111111 111271-13.

20450. Dr 5111111111 11111011 1111111181110111111111111, 110111111 iiiive seddi
11111 011111 11111 1111110111 siihe iii 8111111111 ai den 1111111101 01111111. - For
Damni, 15. Sept. (Tydsk.) Udi. 11 11110111 1111.1.11111111.011111.11.11111.1111011111 wilhelm
ron 111110111111 1111401.

20451. (11111111111111111111 1111011, 111111 har 1110111111111111101011 om
1111111111111110111111, hvoriii 1111 dog 11011 11111111 1111011 1111111110; 1111111011
111111111111111111 de 81111111 011110 1111111111 1110111111, 111111 01110111 1111111Ιί1
ere dem 11111111. - iubeor, 11111. Tyrsi 1111. 1 semegar, 1111111111 111 1111011111 1111111119.

’20452 1111 11110111111111 (1111101 1 1111111111 1. 1. 1111111111 11111111 111
1111111111, 11 trodo 111111111111 81111111111111 111111101111011111111111111111, 1111
011 11111, som Byen 110111 siai udhoide 11 1111111 1111111111. - 7. Sept. 11. 1. 1110111

’110111 11111011. 1 111111. hoiensi. 1. 011111. d. 11111111101111111111111111111 1111101111111111. 625.

*20453. 1111111. 1111111111 11011111111111111. 118111011111111111, 11011 11111111
1111011 1111111 111 Sundei har 1111 Μ1111111 111 1111111111111011 1 11111110. - diury,
19. Sept. 111011.) 011.1.1111111.1.011111.0.111111110111111111111111111811101111111111.218

’20451 11111111 1111111111) 1111111 111 11111011, 11 6-8001110111 111 1111011
1110 110 11110, men 8111111111 11 1111111οο dem 1110 2000 11110 1111111111 dom 1111

’ 111 11111 phar. - i). 10. Sepi. (Svensk.) 11111011. 1111111111111, 11111 1111111111. 11111111.

*20455 110111111111 111 (ioris 111 ii. 1181111111 11101111111111-1111111011111111·
1111 11111111 1111111111 11 811111, 01 11111111 131111111111111110 ia: 111101 1111. - 1101..
20. Sepi. (8111111111.) 0111101111.1111111101111.5 11111116-811.

 

