Χ

0766166663, P. 6.,1116 86363166 661 1166116 im 1 811166161611616 8611631666, 663. 61 0. C. Α. 1

11611166. l. 811166 1856. 861136, G. 8. 1111361 63 Η. J. 1861116161. ¹
6166666, 6.,6161663 Historia 161663 6 61-111. chria. 1316-66.

1875. 8161116. 1879. 811666313611136666-866111. 6166131661 1667. 1. Ῐ
- 131616131611316 Studien 1. Danske Land- 8666616613 16161113 6 1111316116 66863316 LIX.

6616111616 161666 1166161666. 8161116. 1886. 81.Ρ61613666131887. ¹
Christian 666 8161663 661316 661663 61 1601, 11163361, G„ (iustas 16611. 1-11. Leipzig Ἴ

663. 61 F. 1161111361 63 11. 816161. (16116. 1869-70. f

1855. - 8661111316616 166 663161 16611 16616131 an ¹
Dav. 66111161 6111316166. 86666116 1611. 6166361136116 8613166 866136616663. 116116
Chr. Cilicius Cimber, Belli 8166613161 1559 1616 1877.

descriptio. 86311. 1570. Dmffel, A. 6., 811616 666 16166 66166366161116
6611,Α.,311616316616 in (16161661 16 111616. 663 161661116666113 6111 663666616181161-

66611666161163. 8666661865. 1. Ι 316616618616163861316611663. 1-11. 8161-
(161116,Ε.,011181331666163(1661661. 816616. chen 1873. ’

1855. ’ 1116116, 8., Waldstein von 361661 8616666613 613
(16611116 16666 663 3666663 66 16 6666633166 161 6661661366 [1666166666 661 116166-

161616 6111316116. 1. 86116 Τ. Xl. 8161161163 0661-(1616166666. Wien 1858.

1883. 11311616 , N. Κ. F. , 161616 63116161666316111 1
Corpus juris 86616616 61161 666 161616666666 86616611. 8161116. 1878.

666316 11611863. (161113. 61 Chr. Cassuben.

Kjbhvn. 1668 63 1670. 1. 8661616111, L. F. 6., [1116661666 8661111636 zu
011161 (1161616113 1611613 666 31666663 with 616- 666 36366166616666 8666666166 166 6661

61666663611116611116.1-111. 8611631861. 161663111161116666 66366166616 866131616. 3.
016611611111, 81611363 61316116 66661 66316111 86136. 8163666 1880.

16616113 16361163. l—Vl. 8111116. 1857-78. 1116 8361166 1611613. 1661166666 61666116 666

- 71616661136111361 666 6666166661636166 1 i private 666666666616111 6163661116 61 the

71311666 1166 66316111166111113 666 111111631- 1 times 61 1611166616 6661111663 1, 86. by J.
falisia 11663316161. Ι-ΙΙ. 8161111.1876-80. Paine Oollier. London 1810. 1. (Publica-
16111 Cunaei 61 6661616111 11161661 66 6666616 Ι 11663 611116 6661666 8661611.)
6111316116. 861616 1786. 1111616116, J. 0., Huru 1 66 3166616611316 111666
6611661663 31611163 6116611666 313 1111 11666
11666, 8.,Τ616661ι16163 811113 36136136 81316116 16166161661. 1166. 6111. 11666 1869.
11686161661166661111811. 7111666616161863. 8116113611, .Ι., 116163 61 (1116663 166661616163
-— 1161 361616 Christiania (leia-4811). Chria. 61 1661 616 861636 111 (11661666 11161666
1871. 1658 63 53. 8166161787.
- 6613111363 86166136 1666 661316 81116 61161 8116113611, 0., 1116613 8163 86311116136. 8161116,
86161166116666. (111116. 1879. · 1787.
1161161631, 11, Μ6116361 81631613 63 813 81316116. 866663 8111 XIV's 6661663 6661661, 1113. 36116111
thhvn,1882‚ 0. Siifverstolpe. 8161161881. (Handlingar

8663186366111. 1-11, 816616. 1788. 6131166 61 3616166661 1616131116666 61 hand·

66616 1113611. 1631131-11. 1. 161161. 6316 rorando smainaviens 13663. 13,
1116116.1681-86, 1. Delon-i

1166611161, 6666613161166 166 161166 166 01666- 6316,111.,1166366316336636 1 66136116666
661661611 66 61161116. 1-111. 86631868. 16166661666. 8161116.1879,

 

