1619.
11. 13111.

13. decbr.

5. Decbr.

952 Kone Crmrsrnm 333 113333.

’11411 1111331133 Brer 111833333133133318. 131313 8333 1 81333133, mdc
ved 131331 31 33 11331 1113 1333 33311113 113ῑί3331331 331 113313331333 13133133133. -
Frederilcsborq, 11. Novembris. Ny 1111131131 311111. v. 659—60.

*11411 11. (133. 11.’3 11131 111 81313131113133 33 131133 31 1331113113, 11311133
331131 3131, 31 131 31313113 11331 3133 113133311331333111311333 311331331 131 3111113131
1331 3131111313133 111311313 31311313 331131111311 111 13 31131313 1331313331. - 13131.
(Latin.) 1111. p. 133. 11133133, Second 11333118. 38.

*11412 11133111 Lejdebrev 131 13313313133 demes 1131133, 3313 vender
11111333 1111331331. - 13. Nov. (Latin.) 1111. 3. 133. 1 1133133, Second 1133311 S. 38.

5880. scherling, 13333333 3331331313111 S. 421,

*llere Vidnesbyrd 313133 11333333 11311313 331 1318131, 1313113 0111313111113
131 givet dem 333 Styge 11333 81313133 111 3131313 111133133311313333 6311331313.

131 131 13313111 13313 131 Trolddoms-Gjerninger. — 11311313, 1331 19. Nouembris.
1331133313 1133. 1. 386-87.

111414. 11. Cnn.1V.'sSkrivelse 111 8133111313 313 311313133 31131313 Praesti

Terslese fungere, 131111 8331333133131331 113113131133, bvor 133 mener 3131311133331, 31
313131131 11311333 Vej. - Hcseiae, d. 20. Novembris, 1111111131311111311.

*llere 1111111331. 31 11331331 33313131 Κ. Chr. 11. 331 3131131313 131 111311,
som 1131311Β31113 333 1133333313333 313113 33133 111331113, 3133 3313 31113131133133-
13311 Kjobenhavn. — Newmarltel, 26.Νο1. (Latin) 1111. p. 1133. 1 1133133, Second 1133311 S. 11

*114111 11. (133. 11. meddeler 111113331113131333 33 11.1333133313333113131111,
1131113133 1133131131, 3113133 31333313 811331131331331 33 31131, 3113113 13 333111133-
3111113 1313131313 8131313331 1 13133133 3131 11. 11313 1313133333, 1133311 111331311331131.
- Haffm‘oe, d. 27. Ν1111. 111313, 8111113113 813111331111313 11131. S. 94-95.

*11477. Skrirelse 113 fermus 113 11133111, 331311331311 13311331 133 113333-
31313133, 111 (133313131313133, beeri 31313133 [13111333131113113331 313113181313, sem

hans 1133331 31131313 igjen beve 1311311. - 21131. (1131133131.) 3111131. 1 tydae 311131
113113, 8131133 1131 d. 131333331131133131. 1333133 v. 11113313 8. 19-20.

*11478. 11. (13311311. 1133133 13311311 131 133 31333113 Η311331 133 113133131113;
133 3131 333 GJennemrejse igjennem 113313311 3333 3131311313 13131 13311333 111 3131 33
331113 1333133 31 sende den 313331313331133 33331133 111131131313331 113 1133133111 33
33113 13313; 1133313131131313 1113113333 31 bremens 1311311 111 11. Chr. lv. 33 3333
31 133 bam til 31 333 11131333 1313111333, 33111 133 31333113 Krene 1331313 31113331

133 31 131 1313133313 Ridderskabs 113333 1 11131. - 8133111, 1. 30. 1131. 1813113111
1111. 1 113133131311331, 11113311. 1331133 633131 11. 11311331 11311111 1. 31 11311 S. 66.

111419. 11113311.131131133111311333113133, 13331311333311313331133, at
3111313 313 331 133 3331331113 031313133 31 31 ’1131311311 111 13131131 131 bergen. -
Isj'ebebbavm 2. December. 1111. 1131313133. 11. 295.

*11481 811 1133331 1113333113 11131 1111131331333 31 113311331313, bvori 1331113.
ytrer, 31 11. 31 [1331113113 133131 33381313 111 113113131313133 iNordtydsldand fra 31

sende 11.31Β3113133 szelp. — 1111131311, 2. Decembris. (13331311.) 113131133133333111.
edit by. 8113111331 S. 105-106.

*11481. 11. 11113. 11. 1313131 Pelle Desenkrentz 31 1131313333, 11311111 1131113

ο1113131313 (1313 111333 1 81311331 3133 81313 131 11331131 1133 31111133 11313113. - 5. December.
Udt. 1 131-1331333333, Mune 1131131 S. 206.

 

