KoNs Passenni 1111Τ11111. 1777

1660.

20836. 01 1 1111111111111111111111111111 11111111111111111111 11111111111111, 1111111111·

Hans Sksk 13 011 111 111 113. 111. 1131 11111 Plads i 1111111. - l. Aug. 111111131111,
11111111 111 81111111111111 1111111111 8. 8.

20837. kimissensi< 1 111111 11111 1111311 111, 111113111111111111111111111 l· Augusti.
1111111111111113311 111 1111111111, 13 11113111111111111131111 111111111 11 1131 111 11111

1111111. - 1111103, d. 1. Augusti. 111 1111111111. 81111.1.311-14. 1111111111111111111111111111-
11311111111111113,111.1111. 1. 12. Sept.

20888. 11. 11. 111. 1111111111 1111111 1111111, 11 11111111 1 Bispens Μ111111 3. Augusti. ·

1111111 13 111113 11 111 8111111111131111 msa 11111 111 111 1111111111113. -- 3. August.
111111, 11111111111111. 431.

20839. [111 1111111011111111111118111111111 111 Hannibal 81111111,111111111 11111111-
1111 roser 1111 111 11 med 111 11131111111 13111 11111111111.111)111111111111111311
1111111111311,113111111 1111111111111 ikke, 1111111111 111 skal 11111 1111111,111111

1113111, 111311 111 ham (nemlig 11111131111,111 11111-(111111113118113111. 11111111.)

1111111. Ι 11111111 811111, 1111111 1111111111 1111111111 kloster 81111. 011. 13 1111111. 11111111 81111111,
Hannibal 81111111 1. 234.

14173. 1113111111, 1111111 111 81111111111111 1111111111 S. 10. 8111111. 111-111111. 11111111111 5, Augusti·
111 11111111111, der skuile tikstklle kdeken 1111 1311111111 1111111111111111111 1111113131.

14174. 011. 1 1113111111,11111111111 811111111111111111111111 S. il. 5· 11111111·

20810. 11. 11. 11131 11111 11111 1110111111111111, 1111 111111 11111131 11311 Be· 11111111-
111111131131, 1111111111111111111, 11 11 111111 11111111131131 1111 ie capitulares 111111
111111111111 11131113. -- 11. sugit 1111111311,11111111111111111111111 1111111111 s.11.

20841. k. 11. 11131 11111 11111 111 8311. 13 11111 1 1111111111 13 0111111111- 11111111

1111, 11 11 111111 111111111131131 111111 1111111111 111 111 111111111111 11131113-111131
Udi. i 11131111, 011111 111 81111111111111 1111111111 S. 11.

20842. 1111111 01111111 1111131113 111 1111311 111 1111111111111111 8111111111 111111811-
kald 111Μ111, sem 1111 111 1111111,11111111111113111111 em deis 1111111111 111111111
111, 111111111 hans 111111111111 1111 81111111 11 11 111111 111 8131111111 iNykjehing

111 Μ111.-81111111 Proesieqaard, 1. 6. Augusti. 111 1111111111. 111111681-82. ised 1111113111
1111111113 11 1111111 1111111 11111111. 111. 1111113 27. Augusti.

20843. 111111811111111111,Ρ11111.11111111, 11111311 11111111111111111111- 6. Augusti.

iekse, 11 1111111111 1111 1111131 1111 111111311111111138111. - 111111111118113111.
1111111111. 811118. 11. 11. 342-43.

20844. 11. 11. 11131 11111113 111 11111111 Dr. 111111111111111, 11 111 11111 81111, 8. Augusti.
som 11 Kaj Lykke 1111111111111 111 111111111 1111 113 here 111 8111111113 13 1111111111
1111111111, ikke iremkommer 11111 1160311, 1111111111111, 111 111 11111111- 1111111, 8. 113.
111 1111111111. Semi. V. 688.

20845. 1111111111111111,111111111 11111111, 1111311111311111 11111111111111111 11. Augusti.
111 111111 1111311 11111311 1111111 13 111111111111 111 ’11111 8131111111, 11111 Μ1113111111
1111111111,1111 1111111 1111111111111111 1111 1111111111 11331 81311. - [1111111111. 111113.
111 1111111111. Seml. V. 315-16. 1111 11111111111 P. 111111111111111111131111111111. d. 11. 113.

20846. 1111111111 111 Semi-:k 1111111111, 1111131 111111 1. 11111 13 1111111111 13. Augusti.
Segne 18111111, 111 1111311 111, 11 111, 1111 Μ11111 11111111 1111111111111111111
11111111 mod den denske 111131, men 11111111111113, 11111111 11111118111111111111
111111113111111 med 11311 111 8111111311 111 11111111 13111111111, 11111 13 111111111111
1111111 1131111 11111111111. - 11111111, 18. Augusti. 1111111111181111.1.317-11

 

