1659.

· 11. 05551.

12. 05555.

14. 05551.

14. 05551.

1752 Rom 1115551151 5511 1115515.

’20555 156551515153 155 (tons 111 11. 516555155 515 65 1511511115 115311535151-
5556115355, 11511555 15151551 1556 515 115565 53 0555566551555511115115511553553 1

Β55115 155. - 11615, 21. Dec. 11556 55 6651511111 51 11551660, a: 22. 055511. 16555511
0555101511. t 11151 1165515. 5. 11. 111. 209-14.

20556. 1155 55556555513515 6555561 1 1155555515 1. 5. 1111511115 1556651111
1511155155, 51 615113 53 11511556 515 515155 55135551 1111535555155151515511111151151551
1115153, 5155156 1565115515153511 051515555565155 55155. 0565351555 55115155, at 651
5151155 11561556 05515511, 5155 65 11555155 1151351151 51 151 ’11655 1115 5151. - 12. Dec.
51. v. (Tydelt.) 1161. 53 1115651. 1 1111. 51515551. 1. 05555. 6. [511. 1151565155 11115515 155 11555655·

bm Vlu'ffiffi? 01511111 115111111161511115111511.51111556555513, 51 655 55655 1115 55

55355 1165131111 51 11565 65 Witt 155 55 1151113 05155655, 53 51 5155 111511556 55 51561

5155, at 65 055515 55551165 6565565555 511 53 51551115551 5115551155 555613 615565.

- 23. Dechr. 111651.) 511135151111511. u. 155111 ι. 5511. 5 15115511155115155 m
05556555553 111. 281-82.
*20556 1115511111. 6551151555 611115155 111 11. 11551 X. 0115151, 5156 5111155 555

6551555651 51061551 111 55 1151555153 51511551 ham 53 11. 11.111.-- 14. 05555. 11511
11111. 1161515. 6. 11. 1. 108-09.
’20550 Β151 115 0551515511 1155115115 5151, 51 65 55151-5155515 ’1111115155 55

611155 1556 1151; 1551515355 Haupt 555 ovet-givet 513, 1555 15155513 5551115 111151 give
655 551161535565 05151555 51 Pas 111615113, 1115515156 1155 155651111 511565 655 5515535
156 11113551155; 115555555 5311555115155 31515 515151155151516153 5515 5155151 (115655,

11156 651151535115151151555 1115651151. - 11. 1155. 1165111111. 1 semegar, 51111513 151 511.
65555. 11, 3. 61. S. 145-46.
*20560 1115155155 5151111 51 symptomatum Cornificii 011516 5 055151515551155515

enarratio. — (Malant'oe), 11111. Kal. Ianuarii. 11515511, 6551115355 5131151 151 65 5115511 5561155551
5151511115 515. 16555153 11. 31-33.
*20561. 1111555 111155151151111511, 1556.1)1.,555515511155 1535161551156515, 15

quibus 65 515555 655516511011516 scribit. — 1151155515, 141115. 115111511555111531151311111
151 651115115 15561155555 5151551515 515. 16155153 Vt. 30-31.

20562. 0155551151515 11511155 55 15515555555 1565115155 6156155115 5551115
055151555555 151 513 1 151565153 51111535 155 111. Pout 155155, 6535555551 151 Haste 53
1151115515 Μ551355651, 5151, 51 555 5156 555565 6111151551 555 5151155516551153551515
0515153556 53 5156 31151151556 555 551155611556115515155 5655 at 5515 1111551515. -—

Ι teotonem, (1. 15. December. 111 1111115111. 65151. 111401-06.

15. 05551.

16. 05555.

16. 05551.

17. 05555.

’20566 051115551115111111551111151153 551 0511111 01151615 6136551. - lund,
d. 15. decemb. wetbutt, 6151115315 5131151 16165 51155151556115555511111511515 515. 15555153 111. tte-3⁴.

*20564. K. 1511135 111111531551 155 1155155 156 11155155551 115565151 1156555

1565555551 51 1555115 1565 111115 55 1111551551 55655-1155151115 metricum· 5515535565
11155555515565151·5153.- 15516151 6156555515, 6. 16. Decem. 51115. 1115151511.

120565. 1155 1515551135 0555561 1. {mmmm 53 6551655155 111. v. 155511
511115 1 55 156555515153, 511.11515115515 55355 5115151135 655 655515 11553551515551555.
- 11511515, December 26. 1161 p. 116111 11511. t. 5511555. 555511. Lxx. 5115.

120566. 0511151515 1155511115 5151155, 51 6155515355 115155, 1551 55511155-
515355 53 65 1515551515, 51 151 115655; 555 55351 at 5555165 65151555551115551, 15551

 

