‘1592 111111 11111111 1111 1111111.

l‘155 {³11 *18760. K. 11. 11131 13 011111111111111110111, 11111111 11111311311113111 at

1111110111 111111 1111111311111113111110111113111· 113111111111111, 13 111 1111 11 1111111

11 1111111111 0111111. - 1116111111, den 111111 0131 0113111111. 1111. 1111111111. 111 ur. 21
111111. 11245. Wolff, 1111111111 113111 011111 8135-81.

*18161 Ν. Ν. 0111113111. 1111 1111111111 0111, 1111101111, 1111111111 1111113111
sig 1111111111 111 111 11110111 111 1111111111 3000 0111. 1111131 111113111111 1111113111 111

111 111131511131111 8111111111· 111111 1111111. - 1110111111, 1. 1. 111111. sam. 1111111111.
1111. 1118111111. 11245. 1111111. 1111111111 113111 011111 S. 424.

’18768 01. Μ111111 01111111 1. 0111131111, 0111111131111. 1111 0111111111, hans
0111, 11111111 han 1 01111111 111 111 11115111 1111113111 1131111111131111111111 2000 11111.
11 111111111101011111111111111111111· 111 111 11113101113111181111111111 auden 1111111. -
111θὸ110111, d. 1.Maji. 81111111111111.8110113111111.11245.111111111111111111311011118128.

*18761 111. Μ1111181111111 1. 111111131111, 0111113111.11101011111111, hans
01111111111111111111113111 sig 111 11 1111111 2000 0111. 1111131 1111111111111111111 111

111 1111311111311111 0111113111· 111111 [flasse. — 111101111αῇ11, 1. 101111. 1111111111-
11111. 011.111. 19111111. 11245. 1111111111111 11311 011111 S. 433-34.

’18161 111. 81111 011111 1. 1111131111, 0111013111. 111 1111ᾶί131111, hans
0111, 11111111 han i Henhold 111111111111111 1111113111 sig 111 111113111111111120000111.
af nde 111111 [111111311111 Lens 1111131111 111 111 1111310111311111 8111111011 111111
1111111. - Kiobenllaffl d. l. Mnji. 81111. 1111111111. 011. 111. 15 111 111. 11245. Wolff, 1111111111
11311 01111 8. 430.

’10761 01. 8111111 0111111 1. 111111131111, 0111113111. 111 11111131111, hans
0111, 1111111 han 1111113111 113 111 at 1111111 2500 0111. 1111131111111111111 1 11111113 111

111 111131111131111 compagnis· 1111111111. -111101111111,1.1.Μ111. 11111111-
ο111, 011. 111. 11111 111. 11245. Wolff, 1111111111 11311 011111 S. 431-32.

*18766. 1111110111111 0111111 1111111111 13 1111111111 011115111εέ 0111, 111111-
111 11 1 01111111 111 11111 med 1111311 1111111111 1111111111 1113111311 113 111 11 1111111
1600 11111. 1111131 11 111 1111111111111 11511111111 111113111111111 111131011131111811-
1111111· 111111 1111111. - 11111113, d. 1. Maj. 1111. 11111111. 111. 111. 10 11111. 11145. Wolff.
1111111111 11311 011111 S. 425-26.

*18161 1111 111111111111 0111, 11111111 han 1111113111 113 111 11 11111111
01111111111 11 111 111131111131111 011111111- med 1111111 01111111 13 11111111111111 Ejen-
dom, 1111 1111 1111011111 1111113811111311111111111111. - 1111111311, 1111111111
Maji. (Tydsk.) 811111. 1111111111. 011111. 22111111. 11245. 1111111,111111111311011118.431-39.

’18168 11111 numanum, Commissarius 13 01111111 111 111 1111301111311111
8111111111, 1111110111, 11111111 han 11111111 11 1113111 111 11111111 81111101 111111 1111111
400 11111. 1111131, som 11111 1111113111 113 111 1111111111, 1111111131 nosen 11 1111111111 11111-
11111111 11 1 1111. —- 6111111311, 111 ersten 113 01111. 11311111 sont. 1111111111.
011. 111. 11111111. 11245. Wolff, 1111111111 11311 011111 8. 126-27.

*10169 Naurum 11111111 11111111 1111111 de 11111, 011111111111111 11111111 113
11111111111111, om 11 11131 111, at 11111111 1111113 01111111111, Son 11 deni 0111111111111
1111111111 1634 111111 0111111 01111111111, 1111111.110111111111 0111111 1111111 11111 hos

11111111111111111111111111111111111811111.- 01111,1.11.Μ13. 10111111111 1111111111
0111111111. (11111111111111 01111111 6. 81111. 2911113. S. 601-05.

 

