1651.
8. Octobr.

11. Octobr.

15. 051555.

23. Octobr.

24. 051555.
80. Octobr.

l. 115555.

1572 155515555555 555 155555.

- —- ——...-— ——ss— *—

*18530. Dr. 05555555515555511155 111 8555135 111355 8155155, 1 1511155 515
55315555 15555 0555551555 51, 155551515515111511515510555551 53 85115555 5155513551

155 5555555. 115151-8155115155, 1805155515. 1855551.) 5555355111155515555555151
11151535-155151511 iv. 603-08.

’18531 1. 15. iii. 5515155, 51 5131555115535155 11515553 5151 1515515511
1511551 5315155555; 11355. 53 1551 skal 5515 5511515551 5511135. -Ι1, 14. 0515555.
15111555 8553 S. 252.

’18532 Dr. 0555555555 51855513515155115155 51 815155 11551555 1515153155, 15551
55515155 8151555 med den 1555135 1115155 53 5555555151.511155555511. 121551 1622

’555511515155115151155-8155115155, 1. 155155555155 1155515153 Octobris. 115151.) Alta

u. Neues aus d. 15555315155555 1555555 5511155155 V. 146-59.

*18533. 8555555 15555555555 5515555 8555 555 05. 0551511555 155555115551
8. October, i 5511151 151 5555555515111515 555 05555515151155 55515155, 51 855513 555
5535 511555151515 1155151555 med 11511551 53 51515 513 55555555 155515151555 med 153·

1551, 15551513 53 8555155. - 8155115155, 1. 23. Octobr. (8555511 55551355 1111551555 555

11515 11151535-155151511 111615-11. 1111351515515 1555153 5151555 555551135153 55155111515515513
15155 5555115. S. 608-12.

10808. 85515. 5111555515. 051115, 0511355551530555551 011. 15. 15.

’18531 05555555 05555555 518555551515511, cancellarium, scribit, 1155555155
1155551551555555511515551515515 und 515 05515 - 30. 051. 555151. ι nenio, 05553 enimus·
851515555551, S. 248.

’18535 151555515153 155 155 5555515 0555511 1 1155555555 0555 1155555555,
55551 555 55515155, 5111551555 5151555155 111 Μ551155555315551155555115 555 55 megel
5155 Sum, 1155115355 5151155 1. 51 05555551, 555513155511511515155 555 5555551135 5555515
Forhandiinger. - 11. Nov. 1855551.) 011.5311551515115551101355,055515555511551515-
5511515 S. 00, 1555. 2, S. 73-74.

’18538 1155 551155511151515 1555155 8555555555555 1515551 155 55 1551555555
1 855555555513, 15551 bi. 5. 5115155 15531 15551 51515 05555551 53 855513 551 51 1515315

15555553 53 1555555111 0511535155 1 55 551555555515115515153. - 1555555155εὲ5, 151. 5.
u. 6. Ν51. (Tydsk.) 011. 1 1155155, 05555. 5. 15555555 5. 155555555513 Ι. 31.

*18531 1555555555, 5115551555 85115 153551511551. 855155515 155 55515515 155
51155 155115510555155 855155515 med 155511111335515, 53 51 hun nu paabor 0555155,
535115 11551551 853551, som 1555 55155 155, 555 555155 1531135 113515351155555. -·
11. November. 1155151. i 1151555, iiiut. 111555, om 815151155551 S. 218.

’18538 1155 5555555555 155555555555 0551515153 555, 51 51155 1555515153 51
155 131. 155515 0555511 Christian Ranizau 5151 1551555115555 51 155 mollem 155355
531511. Frederii 111. 51 0511555 51511515 0555555155551 553555515 855555515555101155-
5553 53 [15155515551 sami 5553555515 05115355 51 1155555553 31555 ham 1115535. -
21. Ν5555. (Tydsk.) 1155551511, 015 0115555535 5. 5555155555355 155555551555 551 855155513-151·

· 51515 8. 81. 011. 11555515511155 815515·1155511.702.

*18530 151555515153 155 155 5555515 0555511 1 1155555555 0555 1155555555,
55551 155 5555115155, 5105555551 sandsyniigvis vii sende 55 0555511 1111531551 15551

5555115515 1555511155, men 51 man 153 155 5115111151155 81511 555155 55315 0153551155.
- 251151. <Spalim 011. 53 1155151. p. 05551 1 01355, 0555 1555551155 15 1155511515 8. 92.

 

