1633.

29. 111111.

29. 111111.

29. 11111.

1238 11111 0111111111 111 11111111.

...—.—..- ..Μ-*κῇ-

1111111111, 11311111 han haaber‚ at 1111311 13111111 1111311111, 11 111 111111111111
8111 11111111 11111111111111111111111111111 81111111- 11111, 19. 11111. 113111.)
1111111111, 111111111111 11111 l. 435-36. “

’147511 1111111 1111111111 1131 1111111111 111 K. af 111111111181111111 111111111-

11111111111131111 1111111111 111 23. 1111. - 11111, dem 11111111 ‘rag 111 11111111 1113.
1Τγ1111.) 1111111111, 111111111111111111 1434-31.

*14751. Kejser 1111111111 11. 1111111111 1111111 1 11111111 111 11 11111. 11
111111111111111113 111111111111111111111111111311 1111111111 13 1111111 dem 1111131111,

11 11 111111 (1111111111 13 11111 11111 111 311111311. - wien, 1. 9. 11113. 1131111
1111111111, 111111111111 Eudo 1416-31.

’14751 1111111 1111111111 11111111111111111111111111111111311 mod Kererens
111111111311111 111 11 311 111 paa 1111111111111111111113 111 11111111111111111311 1
1111111111. - Wien, d. 1111111111] July. (Tydsk.) 1111111111,111111111111111111.431-33.

*14753. 111111111111 1111111111 1111111 1111111111 11. K. Chr. 1V.'s Forslag 111

111111111311 1 111 1111111131 11111111 1131111111 111111 1 1113111111. - 8111111111, d.
9. July. (Tydsk). Η1111111,111111111111111111. 437--38,

’14754Ι 1711111111 111111111111111111111111 11111111 og 111111 1111111
1111111 11 1111 11111111111111111111111 111 K. 11 111111111 111 1111111 1111111111 11. -
8111111111πί1, d. 9.]1111. (Tydsk.) 11111111111111111111111 1111114311.

’14751 11111111Η1111 1111111 111171111111111, at 111111. 11111111 111 1111111111
ham 111 11 111111 113 11 1111111111. - 91111. 113111.) 111111111111111111111. 111. 327.

’14751 [111 1111111111 111111111 1 Wien 1111111 11111111 11111111111 111 111
1113111113, 11 man i Wien 111111 ikke 1111111111131111 1111131111111 111111 1111311

1111113111 11111111111111. - 1113111. 1111111111.) 1111. 11111111.111111111111111·
11111111-111111111. 11111111. 384.

’14757 11111111111111111111111. Chr. 111, 11111 111 1111111111111111111113111111
1111111613111111, 13 111111111111113111 111 111111111111131111 111 11 11111111111 Sag.
- Schweidnt'tz, d. 10. July. (Tydsk.) 1111111111, 1711111111111111111.439-40.

’14751 1111 1111111 (1111111 111111111111 8111111111 111 8111111111111111 Bou·
11111111, 11111111 111111111, 1111111.1111111111111311111111 ham, at 11111111111111
1111111131 111 111 1111. 11111111111 11111111111Μ111 1 11111111 111111 1111131 11 1111
111311131ηά1 Holdning. - 10. Juillet. (1111111111 111111111111111111111111111111.278-81

’14711 1111111 1111111111 11. 11111 1111111111 om at 1111111111 11 111111
81111111 0111, at hans (1111111111111111111 1111111111 11311 11131 11111 111 111111111111
111111111111111111113111111111111. - 11111, 1. 111113. (Tydsk.) 11111111, 1111111111
111111. 446-47.

’14761 1111111111. af Frankrigs 11111111 111 111 (11111111111111111, 1111-
efter 111111 11 1111311 11111. 11 8111111 Ρ1131 11111111111111111. af 1111111111 111111-
11131113; 111111131131, 11111 1111 11111113111111 111131; men 111111111113 11111
1111111131, 111 111 1111111 med Forsigtighed3 111111111111 1111111 1111111111, 1111. 11
11111111 3111 11 111 111111318111111111111111181111 11111111 1111111111 13 1111111-
1111111111111111.-611111111113,11111111Ιί11. (Fransk.) 11111111111111111111111111111111283-911

 

