1818.
1. 111111.

1. lanii.

l. 111111.

l, 111111,

l. 111111.

1. 111111,

2. 111111.

2. 111111.

2. 111111,

8. 111111.

4. 1111111.

 

,

1878 Kone 11111111 111Τ11111.

’19738 11. 111. 111311 11111111 111 11111111 (11111111 13 christan 81111 111 111-

111111111111 111 11 11111131 11. 11811113 111 1111111111113.-11.111111.1 1111111 sm
Η n ᾳ1971119 11. 111. 1113181111113111 Ray Lykke 13 0117111 111 11 113111 111111 111

11111 1131111111 111 811111111111. - 11. 1111111 1111 1 11111111 1111111111).

’197411 11. 11. 11131 81111113 111111] 111111, 111111 1111 113111 111111 11 11111131-
11111 111 11113 111 111111111111, 111 111111 1111131 1111311 111 hans 11111 med 11. 11
811113 1 111111111113. - l. 111111. 11111,111111111.19.

’19741 11. Fu. 111.’111111111111Β311. 1311111 1110111111111111, 11 11 111111
1111111111 8113111111 11111111111611131111 1111113111 11111131111, 111 111111 111-
1131 ham 111 111111111113. - 11. Marto.) 111111111111111.1.1.11.111.

’19748 K. Fu. 11131 11111111 111 ’1111111111 11111 1111111111 111 ti Feltstykker‚
111 111111 111111 111 1111111111113. --· (1. 111111.) 11111. 1 1111111 11111. 1. 11. 11. 111.
1

’19748 11. 1111111. (111111 11111111011111131111111111111111181111111 1 011111
1111111331 11 111111111311111111, 1111113 11111111 111111111 1311111111 11111111. -
7111191111, l. 111111. 171111.) 1111.111111111111111111111111111111111111187111117.

12492. 11111111811111111111111111111111111617-18188.72,1111.2. 1111111111111111

lm M 719744. 11. Fn. 111.’1 Μ111111 111 Fru 1111111111, 11 1111 1111111-, 1118θᾶ· ὓὲ

81111111311 1 1111111113 111 1. 3. 1111111111 111111 11111111131111111111111111113
8111, 13 11 1111111131 1111311 111 81111111. - 1111111. 111111111111111111. 1. 11. 311.

’197411 11. 1111111. 611111 11111111 01111131111111111111111181111111 1 011111
1111111111 1001111111. 11111 1311111 1111111111 111 11111311111 1181111, 3111 11111111

111811 har verethum 1111311111-1111131111,2111111. 113111.) 1111111111111111111111111-
11111111111111111871 8. 127.

’19748 Dum 1111111111 1111111 111 11111. 1181111111113 om 111 1111111131
8111311111, 1111 8111131 8111111181111111 1111111111111 11111111, 13 11 1111111111 1111
1111131181111111111111111111111111. - [1111191111. 1111111.) 1111111. 1 11111.
1111111. 1. conch. d. 1111111111111111111111111111 811111111131111. 118.

’19741 K. 1111111 11 1113111 1311111111 1111111111 11111. 11811111111113111
8111131 113111 111011111113 11111111 1111111 111 1111111111 med 111. - Asohaffenbwy,

12.Μ111. (1111111 111113811111.11111.1.1111111.1.(111111.1.11111.1111111111111111111111 11111- 1
11111113 1111. 87148.

’19748 11131111111811111118111 11113111 1111 1111111 1111611111111113131111 1
111111111131 8131111131111111111113111 81111113, 111 1111111 love 1111111131111311-
11311811. - Valle, 3.Μ11·11. 1111111.131111.10111111,1111111.111611111111131311111.181.

’19749 K. 1111111. (111111 11111111 011111131111111111111 11111 81111111 1 011111
11111131111 (111111111111 1111111111 11 1111111 11111111 1 Fyen, 11 han saar 8111111113111,
11111 111 1131111 11111111113111111111111111 1111111. - Fredefflwborq, 1111111. 1131111
1111. 1 1111111111111111111111111111111111871 8. 127.

’19759 11.1111111.1111111 11111111 0111111311111111111 11111 81111111 1 011111
1111111111 111 Fyen 11111311 1111111111, 111111Ρ11111111 1111111111, 111111 111311111-
11111 11 1111111111111 13111111 1111111111 1111111111 111111111131 13 1111111 1111111·

111111 1113111111 111 0111111111 11 11111111 8111. - 1111111ωὸ113, 4. 111111. 1111111
1111. 111111111111111 11111111111111111111871 S. 127.

