1632.
1. mm.

5. 11111.

6. 11111.

8. 11111.

1214 11111 0111111111 111 111111..

-ῌ--ῃ-*μω

’14491 81111111 Imus 11111111 811111111 111 11. (111111 1111111, 11111 111
1111111111 1111111111111 1 111131111111, 111 1111111111111 11 111111111111111111311
med de Kejserlige. — Manli, d. 2. Maji. (Svensk.) 11111 1111 1111111, 111 8111111 1113111
1111. 11. 416-11.

*14491 Η1. Ν11111, 111111 18111, 31111 Η1. 811111111111, 11111 1 1111111131,
11111111 1111111 8111111111, 11 Μ1111111, som 11113111 1111111 131111111111131111111
11111111 111111111111111. -8111, d. 5. Mai. 111. 1311111111 11111111. 1111. 1. 225-26.

’14491 1111111131 11111111 K. Chr. lv.‚ 1111111111111111111 Τ11Ι111111 111

1111 1111111111 1111111 13 fleury 111111111111 111 11 11111111 113 12 Par 11311. -
Wedmimter, 6. May. 1111111.) 1111. p. 1113. 1 1111111, 11111 1111111 S. 50.

*14491 1111 111111-1111111111111 1111111 1111111111111111111111 1111111 111
11113111 (11113 11 111111111111111111, 1111.111)1111-1111 1111111131 1111 11111111 113
111 11. (111111 11. 11111 111 11 11111111 1111, 1311111111111131111111111111111111111111

81111. -18.Maj. (Tydsk.) 1111111111111,11111111118111111111111111’11111111111.1.1111111
1631-34 1, 11111. S. LXX.

*14494. 11. (11111111. 111111 811111111 111111111111111113111111, 11111 111

'i Auledning 11111 111 1111111111 1111131111 1111 1111111 ham 11 11111 1111311311111111-

danti 8111111111111 811111, 11111111111111 81111. - Mundam, d. ll. Maji. 1111111
1111111111 upplym. 1118111111 1113111 1111, 1. 614-16.

*14491 81111111 1111 (11111111 811111111 111 11311111111 1111 0111111111,
11111 111 11111111,111111111111111131111 11111111 Pappenheim og 11. 11 1111111111 111 Be-
1111111111118111111111111111111111, 11 11 1111 kunde 11111 11131 111 1111131111111,
13 1111311 11111111 1111111111 111111111111 11111131 1111 K. 118111131 13 1111111111 11

Bremens 8111111111.- Kt'tzinq, (1. 13. Maj. (Svensk.) 1111111111111111.11811111111131111
Μ 11455144296. (11111111111111111111111. 8111111 11111 11111. (111111 11. 11111, 111111

han bl. 1. 11111111, 11 11. Chr. 111. 111 1111111 1111111 111111111 11 11111 1111111 som .

Maegler. - Drasdea, 14. Mai. (11111111 111111, 11111111111.81111111111111111111111111 11.
1111111 1631-11 1. 110-71.
’14491 111111 1111111 11 11111111] Μ11111111 epistola, in qua aucupem

1111111111111111111111111111) 11 naniam profecturum 1111, commemorat. — Haqoe 01111111,
vlu. Kal. Jun. 111111110111111.114-41.

7521. 1111. 111111111111, 0113. 11111, 8119.

*14498. 1111111 111111 1. 1111111111, 1111111, 1111113111. p. 11133111111111
8111, 31111 13 11111111 100 81. 1111. 111 6 1111111111111111 1 1111111131 8131 1 8111111

1111111. - Η1991111111111Ῑ111111, Pientze 1111111. 1111111111, 11111. 111 11131111111111111.

S. 146-48 (mod 111111131113 11 1636, 11111 1111111113 1116. 11111, 1111111 1111111111 111111111 med
1111. 1111.)

*14499 11. (11111111. 111111 811111111111 1131111111111111101111111111,111111
1111111111 111 Μ11113, 11 1111111111 1111111111 11 11. 11 11111111 311111 111 111111
1111 med Kejseren, 1111111111111111 111 1111111113 31111. - 11111113, ,1. 23. 1111.
18111811.) 1111111111 11111111. 111 8111111 1113111 1111. Ι. 619-22.

’145011 81111111 1111111111811111111 1111611111 11. 11111, 11111 111 11111-
111111 ham om de 1111111111 11111111113111, 111 har 1111111 1111111113 11 1113111 111
Danmark. -8111111111111, d. 25. Maji. 1811111111 1111111111 111111111181111111113111111. 11. 471-18.

 

