111111 (1111111111 11111 1111111. 1151 -

2.
*13775. 1111111117.11111111111111Μ111111131111111111111111111111111.- 11ῗ11911
7. lan. (Latin.) Udt. 11113. 1 11111111, 111111 11111118. 71.

*13778 1111111113 111 31111111 11111 Ρ. 1111111111, 110111111111111.’1111111Ι 11 11 1111-10117-111111-
111111111111111111 11.·111111 1131111 111 ny. - [1111011111. 111 1111111111. 11111. 11. 433-34.

*13777 11111.Μ11111111.11111Β111111111111111 1111111111, 1111111111. 1. 1111111, 1111111111.

ᾖ 1111. Chr. lv. 13111111111111131111111111113111 1111 11113111111111111311. - 19. 1111.
¹ 11111111 (1111111, 1111111111 111-111191.

’13778 1111111111 ,111111 1111111111 8111111111 111 8111116111, 1111111111 111. 1. med· 11111111.
11111, 11 1111111111111111111111111113111110111111111311 1 1111111111 6111111111). -— Aboard

’ 1111111111 11 tlte 1111111, 9. 11111111. 1113111111 11111. 1111111111111111. 1111111. or

111 . .
10ονφί’1317731113 1111113111113111111 81111111 (1111111 om 011111111311 1111 1113111111 111111 ’11. 111111.

11111 1111111111, 11 11111111 11 1111 8 8111111 skal 11311 111Ν1111111 111 11 1111111111 111111-

111111 111 1111111 13 61111111, 11111311 8111111 13 1111111111.11011111113811113. -
1 12. 1111111111. (1111311111.) 11111. 11111111. 1111111111. 1111111, 1111111 (11111111.378-79.’

’13788 11111111111111111 1113111 111 1111111111, 111111 han 11111111 ham ikke 13. 111111.
11 1111111 Spaniens 7111111113, men 13111 111111111111111111111111. - 2811111111. ’
11111111 (1111111311111111111 1625-3011. 96417.

’13781 11111111 Mum 1111111111 Η11311 111111111111 13 11111111 ham 111 hans 11111111.

1 11131111113111111 111111 Son 11111;11111 1111111111 13111111 111111111111 111, 111111
¹ 1111111111111111111111-0111111,131111. 11111. 11111111111.111111.3.11.11510.

*13782¹ 11111111111111. befuldmaegtiger 111 (11111111 Baton de Charnace' 111 11 15. 1111111.
11111111 paa 1111111111 1111111111 111 11111111113113111111111111. - 25. 1111111. 11111111.)

J 1111111111, 1111111 11 1111111111 vn. 971).
³ ’13788 11111116111111111711111111 11 0113111111111111111111111111, 11 quibus inter 11. 1111111, ¹

Ἴ 111111 rebus 1111111111111111111111111111111111111111111111111111. - 171111. 11111111
, 1111111111 8111113. 71. Vl. 520-21.

’13781 011111111111111111111111. 61111111. 11111113 811111 8111111111, 111111 1111111111.

11111111, 11 300 1111111 81111111 1 1111111111111118111 111111111171111111111111 811111. *-

1

³ 8111111111, d. 1811111111. (Tydsk.) 1111111111, 8111111113111111111111-11131111111111111111111111

11166-11.
*13788 1111111111111113111 111 1111111111, 111111 han bl. 1. 111111111 11 11111111 11111111.

11111. 11 Η1111111 som Μ113111111 111111111111111111131111 med 11. Chr. 1V.‚ 1111 han 11111-
11111111, 11 1111311111 1111111111113111 1 Β11111111111113 ikke 111111 11111111 1111131111 1117111. -

11. 1111111. 111111.) 111. 1 111111, 1111111111 1111-1111. 11.

’13788 Κ.111111.17.’1Β11111111.1111Ι1., 1111111111 11111111111111, athan 1111 18. 111111.
31111 P. Rosenkrantz lustrux 111 11 11113111 1117111113, 111 111 11111111811311111 111.
11111111 11 111 11111, 11111 11111 31111113 111111 1111111131 111 81111113 13 11113111 113

, 11131,1111111111111111111111.-181111. (Latin.) 11111111311111111111111 11111111. 11.

’13787 01111111111111 1111111111 13 111111111111 113111 1111111113 111, 1111111111 18111111.
111111113111 111 hor 1113311 111 111111 111 11 1111 01113, 13 om hvorledes 11111 1111 111-
11111. - 1111111111, d. 18. 11111111. 1111111111.1111111411-11.

’13788 Μ111111111111111111111Β3111.131111111131,111111111111 1111 11111 28111111-
111111 1111111111113; 113 1111111 11 1111111 11181111111111 1111111111. - 11111111118111,
122. 1111111111. (1111111, 1111111, om (1111111111131311111. 267

145·

 

