1660.
19. Aprilis.

20. Aprilis.

11. 11110.

25. Aprilis.

1768 1101111 1010111101 0111 Το1010.

14053. Seri. 1110101110.

’20730 11111111 1111011111 111111, 11013111 3001100103, 1111111111101110101111111011011
0010111100 101 100101. 1113 11111100001111011011010111111.’207191. - 11110013, 0. 20.
Aprilis. 1111011110111 Geheimeereh. 111. 238.

’20731 1111111. 11 0011001001 1111111111 11. 11. 111, et han 31111 11011111010103
111 0110011111 1010100110311 om 10111111011111110, 013111 10 saudan strider 0100 0111-

11011101101111100.-0111111. 011, 21. April. 11101111 1101111111.1.1111011ι.101110.ζ1.1111.
Friedrich wilhelm 100 1111001000131111. 421-28.

’20132 0111110111 1111111111 1111111, 118110110101 1 0131000110 11111010111101
0111 om, 11 1110111111 0100110311 111111110101, 0110 eihan 01113101 01 1111111011 01-
110011111111 111 11 0010111110111111 03101110331 0111110101 1011111101 Punctum 01011;
0111. 03 01. 11 Pelen, 1001 1101011100 vere 100101 11101111, 10101100, 1181310 110100 11-

311111 1 11111, 0111 11111110 1101113111 10 10101, 1001 010 ilie 11 310111 0111101 0110;

²3· ⁰⁸ ²4· Α-ΡῘ-ΙΙ 03 0101 1000010 01100111 0101

11001111111110110001111111101111110 01111101 3. ,Β ,Ι Μ,

' al 00 privet Pere0n3 hau 000101113 0111, 11111111. 113110010001301101111301113 0111

25. Aprille.

1011 25. Aprilis.

21. 11111111.

28. 11111111.
28. Aprilis.

10101101103110011111100110. - 5. liley. 11101111. 11011311, 1111113 zur pen. 01111. 11.
3. 11. 1. 111-01.

20133. Relatio 0010110110 103111 11 1111111111 mr 111011 1111010111 cesarie, 10

qua 11 effecisse scribunt, 01 rex 0101010111111100001 10011111101111011001111111, 1111
11 001011, que inter 1111 [000011101811111 11 111010 11311 10011011 11 1001111011 inerint,
10 0101 pacem 11111101, 11 11 10 001 instrumento 11110111111011111101101,1111110111 110-
seanturr, - 0011113, Maj 5. 0011111οο103110011.11110.1.11111111.011001111559. ‚

*20131 11111 1110110011 111 11. 1111031100 011011130101111101011011011031111
1101111011181101.-001011111101. 11110111 1111111111 11111101 ii. 181-86.

’20130 511111111 111 001111 11. 1111111 111 0111 1011110, 1 01111110 010 11111311,
010 01111 11001, 11011110 011 001111101 0111111311, 11 010 0001180301 1101110013 01101
1111011 sig 1101101111, 03 0101001, 11 010 her 10011111111111111.-ξο111111,12111101.
11101111 1110111 1113. 4. 11. 111. 291-92.

14072. 1110101111 0111111011 11Ι ili-81.

*20730 01 131. 010111 0111001111111101111111 10111110103011111111111 1111111111
0110101111111001111110111111101 11 00110111 111 1110 03 11111101331111100310111111131031·

mande. — Breitenhurp, 28. April. (Tydei.) 8111011.031101101100011100110030.11011111.-00111.·
ieuenh. 0111111110. 1. 1111111100. 0111011010 ii, 2. 143.

*20131 0001110111 1111111101 0111011, 11 11. 1110110 0110 111 1101 11 11111111
1111111010, et lilerienhurg 10010 3 0131 1111 11010111 1101 8110111, 03 1101111011011

1111 01 1010000 1111111111 0111113 0310110 000 11011100. - 8.11111. Tydei 1111 1 semegar.
81011003 eur 1110. 01110. 11. 3. St. S. 166.

*207311 1011111 1111111010 1111111 01. 1. 111 110 11011,111111011110118111111103

0001111011010111101111011101 1131111111131. -11010111113, 0201111. (8110111 11111
1011103100,ὓο le 01111110. 111. 6.

*20730 010 01100000013111 0111001 1 1100100110 v. 0. Μ11111111 1111101 01
1011111110, 11 011 111013 11 8111000103 01111101 11011100 1111 010 1018101, 11101113 031103-
110011101010010; 10111111031811113011110 011 01 1101111 1131 011113 1111 11 110111

1013111100.-29011111111111111 001. l 01101011011101110. d. 11011. Friedrich wilhelm 100 line·
0100013 viii. 630.

 

