111-1111111· *13503 111110111111111111 8111111111 111 Κ. 011111 11. 111111 11 8111131, 111111
111 0111111111111131 81111113, Μ1111111111311 1111111 8111111111 111, 8111131111111111 i, 11
Κ. 11 1111111111 1 11111111111111 1111111111 01111, 13111 1111111111 013111 111 81111313

1111111111 11 1111111111, 11111111 111111 1111131131 1 1111111111. - Ι). 19. April. 1811111.)
011. 13 1111111, 1 (1111111111, 81111311 hist. 11111 11111111. 111111 11. 323-26.

21111111· ’13593 Κ. Gan. 111. [1111113311 [1111111111 11111111 0111 11 1111 11111111
1111111111 med 81111, hvis 1111 ikke 1131111111 1111111111, og 111111 11 Μ1111111111

11111111, 11111 1111 ikke 111 11 1111111 1111113 med sit 11111111. - 11111111ωὸ119, 2111. 1
11111111. 1 11111111, (1111111111111 1113111111 S. 233. 1

2111111111· *1360st 11111. 1111111111 11 0111111 1111111111 11111. 11 1111111111 111 11 111- 1
11111111 8111 13 013 111 1111111113 1111111113 11111111 11111111 13 10111. lv. — 0111 ¹
Datum. (Tydsk.) 011. 1 01111111111111. 1. 111111111-111111-1111111. 0111111111. 11, 2. 126. ’

15111101· 113601. 1111111111 1111111 0111111111111 med 1111111 Κ111 1111111311, Genera! i

Κ. 1111111111111 11111111, 111111111111111131111111111111181111-5111. 1111111
1011111111, ’11111 8. 378-81.

26111111· *13601 011.1’1111111111 11111 1111111311111111111111 111 11 1111111131 1111111111
111111111111111111 011111111111 1111111113; hans 111111 11111 1111111111111, 111 111,

11 »hac transiret illustr, 0110111111111. - Parisiis, 1111111. (Latin.) 011111111111
81111. 3. R. 11333

26. Aprilis. *13603. 1111111111 111111111111111111111 1111111111 clara 11311111 111, at 0111111
Μ11311111111113111181111.-11111111111111811111,1161111111. 11111111 villermum,
1111118711.

28. 1111111· 113604. Μ111111111 8111111 111111 111111 1111111111111 111 1111111113 111 111 111),
han har 1111 1110111111111 1111111111 111 111 111 11111 1111111 1111111111, 11 1111

311111 1111 11111311 113 13 1 111 3111113111 111 11113111 0111111111. — 28. April.
1111111 1 111 1111111111. 81111. 1. 364.

29. Apulus. *13605. 0111111111 111111 Μ111111’1 8111111111 111 1111111111 1111111111, 111111 1111
11111111, 11 Κ. 1101111111 111111111311111111 det 111111; hans Gesandter Gynther og Μ11111
111Μ1111 11111 11111 1111111, 11111111111111111111111 1111111 3111 8111111111. - De 11
Ham, 11 111. 11Μ11. 1111111.) 11111111 111111111481-82.

301111111- *13606. 11. (111. 1131 11111 111 111 1111111 1111111111 1131111111 Κ1111111ΑΙ11.
8111111111111 en 813, 1111111111311111 1111111111111 8111111. —- 30. April. (Latin.)
Udt. p. 113. 1 11111311111111111118- 10.
0· Α11111· ’13001 311111111111111111111111011111111111 8111111111 111 111 11111131 Nuntius
1111111131, 111111 1111 11111111, 11 1111111111111111011111111111111 1111111111, som
Κ. 11 1111111111 111111 111111 11111 11 11111 11111311 111 11111111 1111111131. - 11111
Datum. (Tydsk.) 1111111 1 1111111. 1. 11111111 011111. 1. 103.

311111 *13601 0111 11 11111 Μ111111111, 1111111 1 11111 81111, m. ss. 11111111 111. 1111111
1111111111 01111 13 11111 1111111311 som Praest i 1133111111 111 11111111 11111. -
Onsdagen 11111 011111111311111. 1111 1 1111111111. 11111. 111. 11. 136-31.

3- 11111· *13603 1111111111 11111111111111 8111111111 111 (Simon 11111111111, 111 1111-

1111111 1111111 1111111111311 111 1111111111. - 13. May. 1111111111). 1111111111111131311,
81111111 1111111. 111111131111111,2. 65-57.

 

