115115 (15515155 5511 1111555. 1487

1645.
’17574 81111515511551115155551555555551551051151551111115155155, 51511 721511
5515555515, 51 555 555515851151151111515 1555155513 55155551 551 515115 til 5115151115
ο3115511151151555 3555 15113555, 551 15171555 51 111 51151 51 155 15515515 1 11155155.
-0551155111111, d. l. luni. 11111511.) (1111551, 555155511555511155551-5551115111.1116-10.
*17575 111555115155 1155515555 553555555 55 555511555515 5555551515 151· 111-1151-

dringer. —- As Raadmaen poa 11151151155555 8101, 23. Maji. Udt. 1 1115511515, 1155155115 1515 55111. .
11151. 1629-1660 11, 495-96. Α
*17575 11555 55511555 811115155 111 515 815351 11513515551355, 51511 555 1111151.

51515151, 51 5555 1551151351 5515 515551 11555551 1 Ρ5115, (1511555155, 551 51531 5551
515 1115515151, 5511 5535115555 55 sager, 5151151 555 1555555155) 51 55551, 5515113 55

555515.-2.1151. (Hollandsk.) 1115551. 1 51555153 5515555135, 11151115 55115155 5551155155
11513 55 51551 11. 398.
’17577 1151551515, 55551155551 commissarius i 1155113, 55551151151 (1555151- 2511111111

51515155 515 11555511 11551135 555115551551 151 51 155 51551515155551 1515153511 155 555 2· ¹⁰⁰⁸·

55551-5155515 1155515155551153. - Damam, 5. 2. Junii. (5511555511 1155111151 551
515151. 5555555555 15 [11155515. 85115 24. 15513. S. 716-17.

*mmm 1155 5155515 1535155515 1111 0111511551115 811115155 111 515 855 15555 24. ¹³1¹·
01555115155, 51511 555 1155155151, 51 551 51 55151131 51 55555 55 5551155113 1155 1555
55551511, 55515535 551 51115115 555 55335 81551 51855551; 115115555155 5515 555511
51 15115 Μ551515151; 55 53 55 8155515 11115 155 515115 1155 pari 55555; 555 5155515

115555 5111515511555155.-8555111115, 52451511. (815551.) 51511511,515115551151
0155555155 1111 15555 0155555155 1, 4. 170-73.

’17575 Tamen [1511515155 811115155 111 01115 11153 1. 1515555515, 1 5111155 27. 1151·
555 5515151 515 11131 151 55 81555155 151515 53 55551 ham om 51 55555 513 555 8115315553,
15511 515555 53111551 111555 55155 1555111555 11115115, 51151 51551 555 5515515551151
111 51 15555 555. - 1115155555, 3. 5155155113. 1155515151. 4. 11. v. 357.

*175811 Τ5151511511515115 811115155111 0155 11153 115155555151, 51515155 555 1011971151·

1115535555551 555 155515 115555 555-11 1115111555 med 5551, 1111555355. 1151515155

. .V. - .

Η ξιξ17155151. 1155 5155515 111351555151 11550151511551115 811115155 111 515 85515555 29· 11511·
01555115155, 51511 555 5151515155 1555151135 1515555115351 515 1155515115 555551515551551

55511 555 5155515 53 555515 1155555 [1515515153. - 8555151115, d. 29. Mej. (8155511
(11511511, 11151 11115 11151 01555115155 1111155511 0155555155 1, 4. 173-77.

’17581 11555155 (11515 55 Guilielmum 51511551 55151515, 15 qua commemorat, 211111·
Wrangelium prefectum Wismariae 5551155 accepisse, Dauos classem Sveeieam incendere velle.

- Colmarioe, 8.Junii Novi Cal. 11535515 (115111 1151515155 1687 8. 749-511. 5155515. 1151155551 1
51555153 5555555135, 11151. 155 55115155 555 1155155 11513 5511155111. 405.

*175811 11. (1151. lv. 5515151 Μ515155 155515 51155 51 1555 1155555155 under· 351151·
55155 5555515355 1 5151355555-8155555 53 31151 1151155153 555 1111155551 111 555. -
30. Maj. 1151. 1 11513, 8515115151. 1, 1155511555 1151151- 113 5155151151 8117.

*17584 11511511. 5111151 111 551 5151515 1511551551, 55115351 513 5151, 51 351151·

555515 Μ55151, 55155 55 11555, som 555 151 1111551 51555 55155 5515151511 1115115 51
115355551111 513, 51515155 1155351511 5511555115, 53 1515151 ham 51551111511311131151. -
30. May. 11111151 11515. 11531 1155151, Τ5115 1155511 S. 74. 1111. 1115511515, 1155155115 1515 55111.

11515115 1629-11160 11. 382.
9328. 85551155, 1111551551 85555155 11. 26-21. 31· ΙΙ1111·

187*

 

