10110 0111001111 0111 1111101. 905

..- ——.........—-— .-—.——-

1612.
’10902 811 11001111 1101000100 1110111101 811 Thomas 10010, 01 00 1 Νο130 1000011·

100310 0101010 00100101 01111011 11110 11110 01110010 1010001000 01 1101103101ιο 000 ai

0011130101. - 26. 0100101101. 1110311101.) 1110001. t 11101011, hist. 011101001111101000.101101-
1111612 S. 112-43.

’10901 111011 1001100011 100011110111101 11. 00010111. 10011, athan 101 1011111101 27. ⁰⁰⁸⁰b‘·
00 110101101 1001010100 011111300 01011001 11111111. 031100011111. 03 1111001. - 21. 001.
18100011 1110011. 1 1100001013, 00010111. 1001101111. 11. 173-14.

’10901 11. 1111001. 01 1031000 111010100111111111. Prius Henry 01 Waies' 1100, 1110111-
110111010300 0111310010101001101100 0101100111011. 0111011 03 111000000111100101,10.01. -
1111111, 'I Not. (Latin.) 1101. 01103. 1 1100101, Second 1100011 8. 10.

’10900 1101 110 1Νο100101000011311 111 11. Chr· 11., 1 11111101 0101011110100 1010111·
00000101, 01 100 101 01 000300 Μ1010010 01101110101111013100 0110111100 11011110 03
0101110οῑ 0111000000 11000, 0301 100 101 00001 11003000 Breve 1111031000, 100 000101

011100001100300111101030 1111300-1011011, 10. Νο1. (Latin.) 011. p. 013. 1 1110111,
0001111000 S. 43.

’10906Ι En 01011011 101011 1100101000 1110111101 Κ. 00010111. 10011, 01 11. 111119. 1010 110110-
100 1113 1400011000 1001011, 1000 01100 11101101 Tropper i Tystriand i 0011 11000131
0100311110 8100110101 1 001 1010100000 101 med 0. 50 81110 03 1011 1100011101. -
tmsterdam, lotii November. (131111.) 011111111110111 1111. 01111. 11. 110-11.

’10901 Tuo. 11110, 10001011 1101101001 03111011101101011000, 0111101100- 18. Novit.
11011 101 111031 0111101 110 11. Chr. tv. 111 11. 10101 1., 1111130000 4100301. - 1000,
18. 101. 1101111.) titt. p. Eng. 111110101800000 Report S. 43.

’10908. 101101010110010111001003,01010110011010,111100301030101001100010 21110111· ·
00010100 110 810113 111 Liberi, 1010111301 1 0101101οΙεο 0111011. 0110000103 11000001
11111011. - 21. Νον. (Engelslt.) 11101111 1101.0111000011101101000.10110100116118.146-47.

’10909 1101011110, 11011. 03 11110 111110 010100101ου 1001, som harde 11001 00101111.
Cornelius 100 001 1101001011, 1110110101 1 000000, 1101 11101 10100 0111101101 1 11110 03

1111 00110111310001. - 0. 98. 00111. 011. 1 11111, 1010110111. 111 reform. 0101. aravit
0111010111 111. 01111. 15. 011. 1011.

’10910 Dr. 100011 1010101 1111101000, 80001101. 0101 8111110000 stin, 1000100101 30110111.
111. 1100011 100010100000 10100100 111 8030001001101 8101001100 03 1011001010 80300. -·
E't‘obenlraffn, d. 30. Novembris, 111 1111101101 010111483-84.

’10911Ι Μ1100108011101111, rectoris 0010110 1100111000010, testimonium 001010011- 2· 11911·

1100 pro 1010000 110100.. - 1001111010, iV. Non. [10000111. trudit. 1 1111111111. Sami.
111. 1. 180,

’10912 11. 0110111111. 100111011011101 01000110100 03 1100111 11010 sorderes 9. 00111.
,1000010100 010, 01 00 11011010 110030 000 8101 010 00 tire Hovedpunkter‚ 0001113 003.
1000101013, 00 1101110001, 1001001100 03101000; 100 010013 1000 0001 00 at 11110 3110
111118001301000101 001 00 110 Κ10001; 101100011030100 0100 itemfor 011 11010 1101113003.
4100100109, 11. 91100. (Stetisti.) 1100003 00010111. 100110811111018.471-12.

’10911 11. Cim. iV.'s 1010100103 010 11000010110010030 03 010000. - 10118101 10 necin.
Kiobettltaffir, d. 10. Decemb. 8010111111111,1 01.

’10911 1111010110001 Ι., 10310 103110, 01111. 0010, 10 quibus 001001111οῐ0 it. trecht.

ordinum 1101310 000110 103001 scribit. - Westmonasterii‚ 11111. Decembris. 1110111, second
1 1001010.

 

