Kone 10000001 000 100000. 1151

100 100 11110111 111 01 0100010 81110 111 1000111100301130100; 100100101010 810010001000
1103100101 100 100 103 00011010101010 01100 100 0000100000. - 11. 000. 1110111101
80110301, 80101003 zur 010. 00001. 11. 0. 81. S. 116-11.

20561. 10010101 011010010001 100010110101110100 i 1101010. - (11000101 1111111·
18101101.) Wcihnll, 8000110100 nigrim ihr 10 0110010 100101010υο 1101001010 etc. 11000103 vi. 111-11

20568. 000 10001001001010 0000011 11100100 1 Wicn indherciter, 0110100000 11111111·
100 00110301 ii. 01 81001000 111101 00 000000 001 1000101101 00310 1 8101131010000

iiiorden. -111110, 1111011 Udi i 1101. u. 1010001. z. Gerch. 1. 1001. Friedrich wilhelm 100
1000100103 viii. 111-18.

20569. K. 110101. 0001010 1000101100, 01 100 111 001030 013 Hannibal Sehe· 21111111-
stede Sag; 100 310010300 0100 0010000118. 110110. 111 10001000010000 og 11110100 100 01
100100110 001 101100010 01300001, 10 med 11. 010000001 0011 10 100000103. - (hee-
10011, 20. Deehr. (Securi.) 00. 1 hinc 0000. 0. 01. 100-10.

“ 20110. 0101101000 10000000 001100, 01 100 11100 10010011110010 100 ii. 03 2110111·

Dr. 0110100 100 011010 00, 0110100 1110 11110 1011010 013 pce 00 Periikuierired, 000 ’

01 01100110011101001010 100101110101 010101131101 01 001010, 01 11011100100001000 enige

med Svcrig, 03 01 100 100 010131 1111001 0011000 0000001 03 810013; 10 10100011101000-

1001003010 031000010 1100001100 00010 00 0101010113 1001; 100000000101100 10100100111

01000 1000113 01001 001 0000001. - 01100, 11. Dec. 110100,0101.010001000101110010

Ι. 31-16. 11101 1111 i 80111301, 80010010001110. 00001. 11101. 8. 141.

20511. 00010010010000010001100 1110111, 01 100 100 00110101 001000010103 2111311011·

00 8010010 og Ehcrsteins 10003003 pac 1100; 01100 1101000 huis (10 Baro) 111 1110,

0101 ii. 018100131000 101, 11000100 10000 0100 01010 101 1101101. - 1101011, 31. 000.
1100101. 1 11101 1110010. 5. ii. iii. 206.

20512. 100001000000010110011101010100, 01 Per 11111103 »i 003· 10010001 2111111
00100 111 01 1111101101, 1003000 03 110100 1 011100100101001) 100 01 10110101111003ος
1100100010οο 1010 1001101 013 1111030 100 1111010110. - 1001101001), 1. 21. 000. (810001.)
1100101. 1 1000030000, 00100001. 1001. 1111. nen-43. ,

20513. 11000.0100001000οε81011010011111.10111, 1111110010010110300 22111111-
sig 0100, 01 10001οο1100 1010011οε 0011001110 01100 810301101Ν11003 1010 10 00010100
ikke 10001 101 100 1111000001010101 1003000110. - 001101. Sp„ 22. 000. (Tydei.)
Brndri. i Urk. 0. 1010001 0.00001.1.1001.101010101 wilhelm ron 1100010010131111.610-11.

20511. 000 10001001003010 0000011 1 1101001010 1. 0. 11001011 00110100 22· hecht.

Kurfyrsten, 01100 01100 1. 3. Νο110. 10101110011000011030110010000; ii. 0181001100

00101 111 00101003. - 22. 000. 01. 1. (Tydei.) 011. 1 uri. 0. hoiensi. ι. 10001. 1. iuri. Friedrich
wilhelm 100 1001001001 1111. 630.

nonin. segnepraesten 10000 ’10011001 Mnus 810110100, 11001100 001103300101- 2101111-
01101εο mod 01 1001110000 111 111100100101011 01 1000103000100. - 1110010 Praedonem,
d. 23. December. 8001. 1111011101. 03 101030. 2. ii. 11. 221-28.

*nonin Dcn igi. 0100010 110001001000 1)οο 1 100 001 0001 0001111 1111011111 23· hecht.
03 00011010 100 1000000 01010000 0010310 11011000011001001, 11111100 100 1000001010
100000 111 00100, eg Grevinden 111 01 vaere i 1001000000010. - 1101011,1.23. December.
1111011 Weibnli¹ 8000110300 0111100 11010 0110010 1010101000 1101001010 etc. 11000103 V. 43-45.

*20511 11010110 0000110010 103011 01 1100101001 nn 100000 0001100110 (10000010, 10 23, hecht.
100000110οι, 00 000000 0000000 010100 010 1001 0100100 egere 01 articulum 0100 110

 

