11555 05515555 5115815555. 1489

117597. 815115155 115 555 555551555515 1155551551 8511501555 11515555 111 8. 15515

(155515151515155, 11511 han nmisios, 5185151551111515115 1151 15151, 51 1155511151115115
5151 51515 det 151515 85555 hos ds 555511555515 0555115151 1 1155155111. - Paris, 5.
18. 111111. (1151155551.) 11155111 155 1151 1111155. 055555515515111155514. 85115 17. 15515. 8. 209ν808.

9351. 11150551151155. 11. 808 (mod 11515511 10. 15511. 1015511.

*17598 55511151 5511115115 815115155111 55 555551555515 11555515551 85551- 1111111· ·

ager, 111511 1155 155555151, 51 1155 155 515555515 8151555515 1151111151 555 555515 815555 ’
1555815155155 518155 55 85151, 11111151 5551555555 51551 555515155155151111 5155 3 8155.
- (21. lunii.) (1151155551.) 855551. 1 5151511155 151115151. 0555515555515111555111215515, S. 172. ,

, *17598 11. (1511. 17. 15555551 1555555555 555 8151551155, Tage ’151 0115555, 15, tunsi.
at han 111 15515555 8155 5515155 1551551551 5555515110155, 11151151 han haaber, 51
85555155 11115 5551555 515 51 115155 01655555 55 11111515 5551 555 111115 01515555. -
515555111αῂ5 81511, 5. 12. juni. 85151. 1111 8115551151511518788.41-12. ’

’17600 Professor 8155111555 155155158155515155 555555 Μ. lohannes Corvinus, 12. 15511.
11511551 81555155, 51 5155555551 Exemplar 51515 1155515 518515 og lover 511111555551515
11551 55 155515 10 11511, 55555511 han 1555 515 8555155155. - 8555, 515 1215511.

11151. 1155511. 8. 8. 17. 568-69.

117601. 855 5155515 815515551551555 015555155515 8111151511 111 515 85515155 1415511·
0155555155, 11551 han 51555, 51 555 555515 8155515115551155 51 5555515155 518555
555155 8155151155. -ss 8555551155, 51411511 (skal 1515155111. 1815551.) 1551555, 5151 ,

11155 1151 015551151551111 151155 0155555155 1, 4. 188-85.

117602. 8555515055511 ad Guiiislmum Grotium 55151515, 15 555, 8515155 qui· 15, tanti.
5551 5515 classe 5515515 fretum 05155555 transisse, 555 555 milites 555 5155551555 5515
815515 jungendi 11511555, 551515 81555585151151151551 5551555, 55511. - 05055515, ἢ. 15511.
8555511615111 851515151687 8. 750.

’17608 115 515555 85555555515555555 8151 11111. 0115111, 111551 55 551515 1515511.
515 om 1155155515115555 5151 1555 855555, som 555 15555 1555, 5511515551 ’1115155555
15151 1511155555, 55 1151555 55 5515115 11555555 51 5515555 - 1615511. titt 1 5111511515,

8511515111 ydra polit Historia 1829-168011. 505.

’17604 11. 055. 1735 551155 8151, 5181515518555 5151551555 515 515. 115. 155555 1115511.

811555 851151 81151555 1555515551. - 11515111, 111551. 1151155,51115-511555515111.2511. ·

’17605 811115155 115 55 555511555515 1155551555, 15555 55 111151, 855155, 17· 1⁰⁰¹!-
85555 55 11555515, 111 055515151515555, 11511 1115555155, 5115151551 55 1111155155555551
855551 55555 85155155 51 flag og 85151 555151 155 1115515555 som 151 555 1555111155
815555 155 8155551515. - 8555551155, 5. 27. 15511. (1151155551.) 515511151551515151.
(1555555155 15 11155511 it. 15515. 8. 171-72. .

’17606 11. 05151735 85151155 11155 1155515155551555, 5155 515115 6115551555 ts. iuuit.
55515 Personat, 555 115555 (1555115555155 515115 15115 55 5515555 155 51 5155 5515 555
8515551555 1511511 11115555. -·- litiani. 8515, 81555 8151. 185555551511151151- 55 5115115 11151
8. 61. 1). 11. 1151Ι 1646 5511111555555 81515111 1551555555511111555.

’17607 5115511115 5111155 111 515 855551 0115 11555, 51 55 81555155 »515551 1811511-
511551155551155151555 85151551 51555 ham sidetes uautsgsli303 1551151 5555115515, 51

11 5111511155 saite 1511511111. «- 1155555, 19. lunii. 81555118115511515,11155111115511551118151.
itis-1660 11. 508.

 

