1343.

6. 11111.

1394 - 111111 (1111111111 111 11111111.

611111 11 11 111111ιί11111 111 1111111111 11111111111111111. - 8111111 61111111 d. 5. 11111.
1116111 81111. 11 1111111. ’

’16578 1111 111111113111111611110111 1111111111 111111111 111 611 1111111111

· 1131111116 Krane, 11111111 1111161111 61111, 111611. 1101111111 111131 111 1111111111

ham. — flamm, d. 16. Maji 1101· 11111111. (Tydsk.) 0111111,111111111111111 11116111-01111111
Ι. 303-04.

8869. 811111. 1111111161.

’16180 1111 1111111111 1111111113111161111111 1116611111 11111111, 11 111111
1111111 Κ. 11 1111111111 1111116113 111. [1111111111 1 0111111111 og 1111111111 med 1111

- 11111611 1111 61 1111111 7111111111 1111111111. - 0111161111, 6. 17. 11111. (11611.)

7. 11111.

8. 11111.

10. 11111.

11. 11111.

16. 11111.

0111111,1111111111111111 11116111-011111111. 301-06.

’16581 1111 1111111111111116111363161111111111811111111 111 611 111111111111-
11111111111111111113, hvori 111 3111611 sig over 7111116111111111 1111.111111111111
0111161 1111111111 1 0111111111, og over, 11 13111 61111 111 11111 vidue til 611
1111111 0111111111 01111111111116 111 1111111111. - 0111111111, 6. 17. 11111. 1716111 ,
0111111, 11111111111111 11116111-01111111 Ι. 306-07.

’16581 1111. v? 1111111111 [11661111 11111. 11161111 Wilhelm 11 81116111111, 11
611 111111111161 8111111111111 mollem 11. 11111111111 13111111 1111 111 finde 8116. -
116πί911111, 7. Juni. 171681.) 1111.1.1111111. 1. 111111. 6. 11111. Friedrich 1111111111. 11116111111
1. 128-31.

*16583. 111. 1111111111 Μ11111 11111 111 011111 11 Ν11111111, 11111 111 111
111 111 61 gode 1111111111311, 111 111 11111111 01111111, 111611 111111111611 111
11111111 og Rrigsskuepladsen iEngland. - Newark, 181111. 11111111 1111111,1111111111-
11111161 111111, 111111111111111118. 494-95.

*16581 K. 111111 1. 111111 Κ. Chr. lv. 1111111 Modtagelse 11 John Pooley‚ som
han 111611 111111 med 111, 111611116131 111111111. -01111111,101111. 111111.) 11611·
Eng. 1 1111111, 711161111118. 54.

*16585 1111 1111111111 1111116111 0111 1111111111 8111111111 111 611 1111111111
Besuldmaegtigede 1011111111111111, 111111 111 11111111, 11 611 111111111116111 111
113111111611111111111111611111111 01111111111111111111.- 1111111111, 6. 25. 11111.
1Τ16111 01111111, 1111111111111 11116111-011111111. 341-42.

’16586 1111 1111111131 8111161113111161 1111111 811111111 111 111111111, 11111111
111661111, 11611 6111111111161131113111111 11 11111 111 0111111111 11 [1111 111111
111111111111111611111111111, 611 11 1011111116, 111 116 11111611111 11 11 11111111
11111111 611 1111111 1111111111 111 11 1111111 111 01111111 11111111 111 0111111111. -
Μ11111111,6.26.1111111. (Tydsk.) (1111111,611111111111111116111-611111111.346-52.

’16587 1111 11111111116111161113611161111111111661111 611 1111111111 1111161111
01111111111111, 11 1111111 han 11111 11111111111111 11116 1111111111 1111 111111
1111116111111111011111111011111111111111111111. - 111111111,6.26.111111. 1116111
11111111, 11111111111111 111116111-011111111. 343-16.

’16588 1111111111 110111116111111111111 111 611 1111111111611116111363161
Krane, 11111 111 11111111, 11 1111[11611111111111111111111111111111111111111 8111111

og 11611 som 1111111. - 01111, 6. 30. lunii. 1716111 6111111,111111111111111111111·
01111111 1. 318-111.

 

