1653.
14 001061.

20. Octobr.

26. Octobr.

26. 001061.

21. 001061.

28. Octobr.

30. Octobr.

ll. Novbr.

1601) Κο10 1111101011 001 Tenem.

’18854Ι 81111οΙ00 110 601 10601016110 6010161 110111 (1001111111 111 101 de
11111, 1 6111101 601 1610101 1100601 011, 01 00601100101101110101 111 61110 60101 1100 01 101
11. 0100111011 11111060111110160 Μο060, 101 01 de 0601116060 ej 110110 6011110 sig 60101.
- A Paris, 10 24. 001 1801Ιο11601.) 11111101οη.1611110101601001100111101000 11011111
1. 42-14.

*188511 Kese 6101110 8111110100 til 810011101601101 111. noronte 10006001, 61011
601 60110301 sig 0111, 0101 01 60101101101, 110101110110006000 111 11061, 01 610101

suspenderet, og 0010601011 hene forelehige 010111600110100.-11011110110101, 6. 20 86111.
1111106111. 80111. 3. 1111, 793-94.

*18856. 111001006611110101 8111010 11011111 101 011010 00110 11111010 og 111110, “
6010111110 0116101100 601 6010 med 6101601000υο 1100811101111.-1111011100, 6. 26. 001011.
001110 neg. 5. R. 1. 312-111. , e

*18857. Skrivelse 110111. 1010111 1100110111, 8011101110οι til 11061, 111 hane 101100 1
1101 11010, 61011 600 601601, 0111011 10111613 01610101 suspenderet 110 011 11116060, eg 1
01110601 011 11110 0101006. - Aeby Proesteqaare d. 26. Octobr. 1111011111 8111101.
11. 194-08.

’18858 8111101001101110111111 111 601 106011006110 00001611 Paris 001001, f
ihvilken 1101 6101106110101, 01 1101001 10 0160113 601 0111111οι 1016016111110110 011 1
0060111101011011010110 0116010110 111 11. 01 1101110110 1611061606. - Le 6. 1101011610
1801106611.) 1101111 01011. 1 6011100 0111011001111010 delean 60111111. 110-54.

’18850 11. 110. 111. 60101010101110110 01 10101610110110601001 80610166011111
8100010101 1 001101. - 1001011000, 28. 01110601. 11111111011111111111173.

*18860 110111 11101100 811110100 111 81101111016011011 111.1.01011010006001,11101·
med 601 6011001601 8001001011οη 1 10611 8111011111 1111. ’188511 0160601011, 01 denne
1100 61110 0100100111 606016101. - 110111100ὴοί10, ῥ6. 30. 86110. 1111111111. 01111. 011. 111798-10.

*18861. 8111110100 110 601 1060110060106000161110110 0010101111 101 6011111,
1 11111101 601 11101110660101001011 110111111ςο 1011111 0101101 1111110116, 601 gear 16 000 01 3
010110 11011011, 11101101 601 01610101 adsperge, om 11010011110111 1 000 Ηο1000160 11

101101101110111100 Politik. - A Paris, 10 14. 10101610. 11101Ιο16011 1111110111.
1 6011101 01 negociatione 601011 1101111111. 69-62. ’

’18862 811110100 110 601 106011000010 60101611 Paris 001111οι til 101 6011111,
i 6111101 1101, 61. 0. 1610101 011 6101110 010160101601601011101, 601010 1101110 1106 1101011

111 11. 01 0011101110 8111016011. - Α Paris, 10 11. 001. 1101 1101011610). 1001016111
1101111 01011. 1 1011101 01 negociatione 60 1010 10111111. 62-65.

’18868 81110100 110 601 11101110 0010161 1 1106016010 0101 amomo 11 -
8101100110101011 1010110, 6101106601101601 hem 01 11011111 01 11061010111111010110
10011011 1111016 011 11011016 10111 1110600101, 0160 6011110 1111111110 nu 1100 sig 1110101101- ’
1111130 mod 11011. - 19. November. 18110101.) 111110111101110111111110111100111100.179-111

π18864. 8111110100 110 600 106011016010 60001611 Paris 11011101 111 101 6011111
1 6111101 1101 61. 0. 10660101, 0101110 101601 10110060016101101101, 0111016010
11011 01 11111011, 100101101011101 ikke 110160 1111101 6011031130 sig de 81160, 60160110

1011 11111011 1 60111011 og 1101110. - 110 Pane, 1021601011610. 1000016011 111111
01011. 1 lettres 01 11011001011011 601001 10111111. 73-10.

 

