1654.
30. 11116111.

60. 1616611.

2. Septbrt

6. 86111111.

8. septbr.
16. septbr.

23. Septbr.

1610 116116 1111616111 pm Tamne.

’18969 11.111.111.166666161111.11611111111, 61 66 [1111661616 11661 1166 161-
rige Ladegssrds 1161166 61 666, 6166 16616166 6116166166 Ousire 1616616 6161666 6116
1166166 111666116616 161 661116 161 61 16116116 Gudstjenesten 1116661 dem. -11166166111116,
10. Augusti. trrrsmst. 6161. 6. 11. 11. 611.

’18976 11. 111. 111.’6 811116166 111 11161116 1 1166, 61Η1. 66111166 1166666, segne-
1166111186661 og 8166666 1166 1661161666, 6616 1161 161661 sig 166 1166161666 [1611611611.
6166111116 1 11616616111161661161161166, men 1116 6611 16111116 neget 161111616161161 1166
1166116616166. -116616611111111, 6. 30. Aug. 61111161111.61611.11.1113.

’18971 11. 111. 11136 11161 111 0. Μ66661Ρ661616, 661 1611166 161666 Veniigtred.
ban 116161 11616616. 11616116- 1. septbr. 1111.1 61111, 616161161111611161111111166 6 616.
116611 1661616 bato 111111 611 111616661111166111111111 111 b. Luts 6611616. (8616166.)

’18971 11. 111. 111. 11616161 ’11116 Belou 611 11161166 1 1166 61 6111616 sig om et
1616161161 11. 11666 1116666 16111611,-861611116611 6616116111, 616 1616616166 61 1161611611
og 111116 Sogne. - Flerrsborybum, 6. l. Septembris. 111111611116161.11.771.

’18976 116 1111161611 1161111 6111161 111 11111161661666616611161166, 611166 (11116116
1111611 1611611166 61 116161 866666 1161611661 Christian) som 61 616 argeste Fjende:
1166 16161161 sig 161 1166166 161 61 166161 111 61 bo 1166661, og 1166 11661 6166 61
1166116116111616116116661666186616166,661616161161166, 61 66 61681116 1, 111 1166
61611 111 8161116 11. 8111166166 111 11. 11666661 616 11616 1661611611116. - 1661111111.
1116611 611161. t 0116116 Semi. 2. 11. 11. 303.

’18971 16611111 1116166666, 8161616166, 6161161616161161 Rigsboimesteren 1661161
1161666116 1161611611 161611611111 11111616166161 111 1666 161666 mod donnes iivittering. -
81611 11116116, 6. 6. September. 1116611.) 111116,861111.1.111611111161611111618,78-79,

11397. 0611611161. Ι11666611611166111666161166661 86661166611161666 11111. 1 brumam 8411)

‘18975. 616 1116611111Μ61111 1161161161 sig bittert ior Detteren beonora christina

6161 616866, 661 111 16166116 116666, og 666161 611 666161611616. - 1111. 661111616111
sml. 2. {1293}ss ii. 111. 111. 11616161 1661166 11116161 1. 1161111116116616, Η1. 81666 111166 t.

iijersgsard, 11111 0111161 t. Ssndsger eg Tyge Beiov t. Frestrrrp at begive sig til Wbitiing
11666 og som 1116616666 6111616 1161166 16611661 1111 1666111616, 611. 111161 01111616 1
1661611611, og 1166111 6116666116166 1. 81666116 616 1161166 bertii. - Flemborpbm, d.
23. Septbr. 1161. 1 1666181616616611116616616111111. 1. 11. 8. 1117.

’18977 11. 111. 111. 166161161161161666666 1 1166116161 og 1166611611 616181116-
demeat 6111616 66 81116 661 661116 1161161, 6616 161 1111616661 meiiem 116166 61 1111616166-

16616 og 1111166166 6166 6611116666 16666111. - 1161166111, 616. Septembris. 1116611.)
1611111. 1. 6. 16611661. 6. 6611611611201.

’18978 11. 16. 111. 16116661 Μ. 111166 Bering med 61116661166616166 1 1166111611
61161 Dr. Thomas 1166666666 066. - 26. September. 1161.111111.111111111.6.11.1.31.

’18979 11. 111. 111.’6 og [imbibissem 111. 61 Gottorps Brev, 1161166116166-
61611 61, 61 666 11181161116611166111 v. 1161611 61 1116166 6161161661111116111116, Fer·
1666666 1666 11111 ttongem og Hertugens Siove yderiigere 1666161166-86111611111111-
6611, 6. 26. Septembris. 1116611 8611161 16111611.

’18980 Μ61111 6661616166116616 1666116161 111 61661161 11166, 8616161666. 6161
7166611666 166, og M. 11111 1116661, 11161611 6161 ’1166611666 81111, 6111,61661116601666
61 666 1611116 166111666 1666 1166 11661666 1161161 11116666 11666 866 Peder 11661166 61

 

