1514 11111 (1111111111 111 1111111.

1646.
21· 11111- *17873 011 1111111111 (1111111111 1 0111111111 1111111111 1111111 11 11111-

111111111 om 11111 1111111111111 111111 11111111111111 1111111111, 111111111111111111-
1111111, 111111111 1111111111. - 0111111111,1. 1111111 1111. 1711111 1111111,1111-
111111111 11111111-61111111 111. 1047-48.

’17871 11. Can. 1111811111111111111111111, 11 111 1111 1111 11111111 24 01111-
11111 11 11111111 1111111, som 111111111111111111 11 11111111 11111 111111 111111111,

⁴ 1111111 Η111111111111 11 skal 1111111, 111111111 111 11 111111 111 11 11111111118111. -
22. Μ11. 1111111111. 1111111135-11.

*17871 N1 1111111111 11111101 111 1111111, 11 1111111111 1111111111 11111
111111111111111,1111111111111111111 ,1111111111 11111111111111111111111. - 1111111-
111111221111.1111111111.4.11.ΙΙ.198.

9873. 811111. 111111111.

’.17876 11111011 111 111111. 1111111 111111111111111 111 11111111 23 11111.-
1111111 1131111111 1Τ111111 011. p. 1111. 11111111, Τ1111111111118. 62.

*17877 Dr. 0111111111 11111111111, 111111 1111111111, 1111111111111 1111111-
11111111111111 111111 111111, 1111111111111111181111111111.- 29. 1111. 18111111
011. 1 (111111, 11111. t. 61111111 11111. 1645-5411.

*17878 116111. 11311111 11111111111111-111 81111111 1181111111111, 11
11 111111 111111111111111611111111111111, 11 1111111 111 1111 dem 111 111 11111
11111111, 1111 11 111111111111 6 111 ville 1111116011111, 11 handle med 1111 11111.
-.1) 30111. 111.1·.111111.1.11.113

1.7879 R. 6111.113181111111111111116111111.Τ11111, 1111111111. 1111111-

- 11111111, 111 11 111111111 1111 1111111 11 menige 111111 11 1111111111 111 11 11111 ’

[1111111111 111 01111111ρηί11 11 1111111111. - 30. Μ11. 1111.111111111,11111 1111111-
30- 11111» ¹1⁰⁸ n· 11ξί117880. 1111111111111111111111111111,1111111111111,8111111111111111111-

11111 111 1111111111, 111 1111 11 1111111 1644, ,11 111 1111 1111111111111 1111111 1111
Β1111111111. - 30. Maj. 1111. 101111181111.11.22. 1
31. 11111.ι 117881. K. Can. 17. 11111111 (111111111111111111 1111111111 011111 811111111 1
mod 11 111111 1111111281011111. 11 1111111 116 1111111 111111. - 31. 1111. 1111111111, 3
Personat 11 1111111111 11 1111111 11111 n. 100. ¹
31. 11111. ’,17882 1161117. 1111111 (11111111111 111 1111111111 11 11111111 2 Borg-
1111111 1 1111111111, 11 ι11111111118111111111111ι 11111111111111 1111111111.- Kiobenhwm ,
8111, d. 31. Mai. 11111111111111. 111 1111111111 111.1111111111 1866 1111111111, 11111. 111 1111111111 ,
111111 S. 18.
31. 11111. 117883. K. 61111. {V.'s 11111 111 [1111111111 0111 111111111111, 11 1111111111·
’ 1111111111111 111111 1111111111111111, 1111111 111 skal 111111111111111111111111111

11111111111111111111111118111111111- 11111811111111111111111, 131. 1111. Paeneo.
111111 11111 11111, 11111. S. 77. -

¹ 1111. 11111. 9876. 1111. 1 811111,(11111111.“1 11111. 81401-0211111 011111111111

1. 11111. 9876 --9871 111111, (1110110111111111111 1.,162-67 1111111111 11111111 1111111111, 1111, 1111
1111111111111111 111111111 11111111111, 11 11111 111 111 1111111111. luni).

1. 1111. 9811. 11111, chrm. 111 1111 1. 1111-31.

11111. ’17881 Κ. Gna. 111 1111111111 1111111 1111111 111111 ο111111111101111·
11111111111811111111. - 1111811111111111111, 1. 111111. 1111111111111.

 

