111111 Canama 1111 11111111. 1313

1642.

’16330 8111111111 1111111 1111111111 13 11111 ham 111 ej 111111111111111111111 21111-
11311111 11 111111111311, 111 1111 111111111111111111 ham 13 1111113 111 111111 Be·

11111113 111 1111111111111 1 Ρ1111. - Ι). 2. 1111111. (Latin.) 1111111. 11111111 11111 11111111.
111. 1. 9.

*16340 1111111111 11111111 8111111111 1111111111 8111111 111113111, 11 man 111 3. Febr.

11111 1111 11131 111 1111111111111 13 1111111111. - 1111111, 3. 111. 1111311111.)
81111 Papam. 11111. 811. 1641-43 S. 215.
’16341 ii. 61111.11’.’1 11111 tilii. 11111 1., 11111 111 11111311, 11 111 ikke 11 1. 1111.

11311 Post 11113, 1111 11111 passa 111 811 1111 1111111111. - 4. Feb. (Latin.)
1111. p. 1113. 1 1111111, 111111111111 S. 73.

’16342 1111111 1111111111 1111111111 1111113111 11111 1111111111 bi. 1., 11 1111111 5· ioht.
1111 1111111 11 11111311 111 111111111131 1113, 1111113 111111111111, 11111111111111311
111 [1111111111 1111111111, 111111 11111131111111111 8111· 1500 111. 11111 111 1311111111.
- 5. Febr. 18111111.) 11111111111111181111.1266-69.

’16343 111111 11111111111 11 0111111111 11111111111111, episcopum Sieian· 81111·

111111,11111111111111113111111111111111. - 1111111311, 1. 8. Febr. 11111111111111111.
111. 212-13.

’16341 1111 11111111 13111 Fons-rna 11111111 111 11111311, 1111111111. 11111 13· Febr.

11111 111311 tii Danmark 111 11 111 iijaeip 111. - 13. Febr. (11111111 1111111111111, ·
1111111 11111 1111111111 11 6111111 i. 11. 410.

’16345 1113111111111111111111 1111111 Biana erilarer, at 1111111111 11 18. 1111 162111·
1641, 11111111 11131111113, 111 111 21. Juii 11111111111 111 1111111111 8111111111
0111111111111- Wien, d. 26. Februarii. (Tydski 11111111131111111111111111190.

’16346 1113111111111 1111111111 8111111111 1111111 111 111 1111111131 111311111- 1⁸ ⁸0¹³?-
1111111 (1111 11111111, 11 111, som 111 11 1111111 ham, 1111 1111111311 113 111, 1111-
11111 111 11 31111 1111 6131111111 13 1111111111111 1101111111 11 1811111641 11-
3111111 111 1111111131 1111 111111111 0311131111 111111 11 paa 1113111311 111111111111
1311111131 Η111 Ρ11111111,111111111113, Bessan, [11111 13 111111111113. - 11111, 1.
28. Februari. (Tydsk.) 11111111131111111111111118.86.

*16341 11111 1118111111 111 1111101111111111, 11111 siges, 11111111111 111 ²3· Febr.
111 11 8111111111 111 111 111111 111131 11116111111111 substantialia 1111111111111111111111.1

- Ι). 23. Febr. (Svensk.) 11111311111111611111111,111111111131111311111111111111111311111
11111111 11,1. 103.

*16340 K. 11111 i. 11 1131111 11111111 111 10111. 111. 111 1111111111311111, 23. 1111.

hvori han er 81161. - Dover, 23. 11111111. 11111111.) 1111.161111111,Τ1111111111111111111
1161111111. 11449.

’163411 1111113111111111111111. 611.111.11111111111181111111.- Dover, 24. 1111.
24. Feb. (Latin.) 1111111113. 1 1111111, Third 11111118. 53.

*16350 1111111111 111111111111111 8111111111 11111 til ii. (1111111, 11111 111 111111.
1111 11111 11111111111 111111111111111111131111 1 1111111111 1111111111, 11 11 8111111

iiie 111111111 111111111 perniciosam. - 25. Febr. 1111 1111111111, 11111111 1111111111.
Statorio 1629-1660 li. 328.

’16351 1111111113 1111111111111111111111111111111111 111 11111111, 11111 11311, 25. Febr.
1111111111111111131 1111 11111111 iiie 11111111113 repraesentare paa 1113111311, 111 11 ’
. 11111111, tardi 11311 111 1111111111113113. 11111311 111111113111 111 311111 11111-
3 1111181110- 1111311111. (Tydski 11111111131111111111111111 s.91.

nepsam 11. 111. 11 113

 

