111 13133133, 133 1131333 11. 31 1133111311 3113133333313331131 333 33333 Side Sundet. —·
18. Juli. (Spansk.) 11111311. p. 113311 (1133311, 1131311313 1625-311. 261.

*13311 11131111. 131131 Hert. 1331111333111 31 113311331313 131 1333 113- 913111.

3133313133 33 13131 3311 31 13133 33 111 313313 831. - 11331333, 33111111. 113331.)
1113311. l 111311331331131. 3. 3311311.-13111.-133331. 63131131. 11, 2. 124-21.

’13312 11. 61111. 11.’3 11131 111 1133313 133133, 1131133 133 3131331331 33 13 313111.
1331131331131133 331 33133 5133 3331313311331331111333 33 1313 1133331. - 91311. (Latin.)
1131. 31133. 1 1133131, 11113 1133311 S. 69.

’13313 1313113311 3111131 111 1133113133 Chr. 11113, 3113133133 31331 313311 1111111.
sor Fred. — Aff [3333313131 9. julii. 1331131133.4.11.11.134.

’13311 1111131133 113 6331311111 111113, 033111311331111313 33 11111113 11111333 1113111.
1 11333333 11313 111 11331, 11333 33 menige Β313311131 1 1131313331 313 333113 133131-

33133 111 1111333333 331333333333 313113 33 1133113333, 3331 1331313 11111333. — Hasm'oe‚
12. Juli. 1131. 1 1311131313. 113 (1313133331. 111, 1111. S. 97.

’13315 013111 1111111 3111131 111131131313331113333311113, 31 133 111 13133141313113111.
1313 3111131313 3313131 31311331 831133133333313111333, 133111133 331, 1111133 1133333 331
1113311333 013131 1133313313. - 1131131331, 2111111. 111331.) 1131.331113311.1113131,11331
113313 1. 1113113 1. 23.

6128. 331. p. 111131 1133131,’11111111133311 s, 36. 13. 13111.

’13316 013131 11113 (11333 1311 11111113 81313133 111 633313111311313133131 111- 1113111.
3113331, 11311 han 31313131 113111331331131133133331331 333 1333 333313113331313313
Besiddelser. — Romam, 3311111. qudsk.) 1113311. 33 1131. 111311113131131111313 (1313113113 1111. 391.

’13311 131311 1113113 11131 111 1133313133 (11311113 331 1113313311331333133, 1313111.
111133 11331313133 3311313333 1 8311131133, 331 331333333, 331311133113133 111 113333-
1313 111 3. 25. suli, 33 3313313131331111133-3111131313131, 18. julii. 1311131113.
4. 11. 11. 135-36.

’13313 11311. 61333 1111111111 31 Β13333311113 3111131 111113113331313, 3113333 18. 11111.
1333 813313, 11. 31 13331311 33 813113, 113131333131313113113131 33 1133311131 med ham,
33 31133 331131 1111131133 113113331313 3131 1331111 3113131113 33 1133113. - 13. 11111.
(Tydsk.) 6133311, 1131311313 1625-301. 346.

’13313 113111 811113133 111 11133131 13331333, 1113131333 1133333, 1131111. 3. 19111111-
13131133, 31 11. 31 1133313111 1131 3131313331 1133113333333 111 1313 11311331 33 31 313331
11313, 1313131 1111333 1 8311131133 3131 1313 3331- antwerp, 29. 1313313313. 1113331311
11111. 11333331. 13133111. 1113111. 31 11311 03113311. 311.

’13321 11. Gna. 11.’3 11331111 131 Christ. 1131333333 33 63313 31313 111 21- 1u111.

Κ. 111111 l. - 21. July. 1131111.) 11313113311133131,111131133311839. 0313313113111111133
3133 1133113111113113, 11311. 113331133133133 331 33331113 6313331333 1111313131 31 113 (13113311).

113321. 81111111, 1313331113331 1133333, 13313131131 11. 3., 31331 31 33331 33 21. 13111.

1113113133 111 11. (1111111. med 201001. - london, 3111111. (1131131131.) 1133111311. 111111.
11333131. 63311311, 113 111. 31 11. 11. 8111133 S. 125.

’13322 13111313131131313133, 31 33 1133313 1313 3133313113333133 33 11311131 2211111-

1313313 33 313 333333 3131 1131113133 83113113. - 1133333, 221311. (Tydsk.) 11311
111331, 11331 113313 1113131 Ι. 13131112.

140’

 

