1688 8010 11001101 0011 Tamum.

11611801111121180. 11110011 1. 1001 1010300 11 11111018011111 (010010800181113801 0111110 011 1111-

11111111· fou m 1131119851. 0101001101110110000110100001010103 11180030008011101101811118103 ¹

om 8101000010100 1 8001100103 Jacob 1100110000 101000100, 11 11100 1100110 01 0100 010
01100100001110010100 010301 101 110113, 03 001 11100 011130 10111010; 1000 1010010 8011300
111 1113110 ham, 111111 han 1111101101. - 01101110, 2. 111111. 1110001111011111011101. 81011. 11. 358

11111111· ’19858 Relatio 801011111 103111 0111110001011000111001000110 10310 80110-
000 01 80031110, 10 qua scribunt, 018100101 0100 110110 sequi posse ultimum exterminium
regis [110110. - Pom, luni 12. 110103 810001111011.1.0011011.000011.1.1111.425-30.

01111111Ι ’19858 8. 811111. 0001110 81010100 111 80010000010100 8101 1110110 03 (10001
1101000103 1100 0100100 11031103 100 at 1100 1100100110οε Len 10130 0100 1100011100.
-· 3.]11111. (81000111 110110000101101, 0101101110 1111 811011 X. 0011010101οΙ 01 00001111 sm.

81111111. ’19851 8. 811111. 0001110 8111110100 1111010011010011, 11 1110 0111 1011110,

001001110011111100101111110111103 111 ej at 00101010 8001001100. —- 811101. (svenskxs
1101. 1 0000101101, 0100101υο 1111 8. 11011 X. (1001010 10111101 01001111 S. 20.

510011. 12623. 1101 1 0011010100, 010010100 1111 11. (111111. Gustata 101111 01 01010111 S. 21.

1· 1111111- ’19858 X. 11. 11130 8001111103 101 11000111 100 1111010101 1. 1111101011οη som
0110101 0101011000 1111000 1000 00 1111131.οη 1111000110 0111200 11011. 03 400 11011.

111 8081011010. - [1100000000 Stoa, d. ’1.111111. 10100011010, 811011. 010 000 13111130100111
1000 S. 3.
1110111. 12631. 001. 1 0000101110, 0101110100 1111 11. 0111 X. Gustata 101111 01 0001011111 S. 23.

1111111111 ·19856. 8. 11. 111.’0 1101111113 111 111111 Chr. (1110001010, 11 1110 11100 001 101001- .

113010 skal 0101101010 1101 81001000001010 1103110001 1000 100010110οῑ0 03 803001311010 111
101101101111 11110301 03 1000101010 001, 11110 001 ej 01 10101111131. - D.l3.1uni.
010001. 1 101110111111882111. 39.

13- 1111111· ’19851 0110101 10111 1111110100010 10010001 000111 81000001, 000011130101001
1 811000, 0011100000 sig 1110101111 Garnisonens [1000111010 03 1000103 03 110001 0111, 11
001 maa 11111000 11001010 80101110111111010110101 111 810113. - 8000011011, 0. 13. 1001.
18100011.) 8110110301 118 811000 11101000 1870 S. 9,

15111111· 12639. 001. 1 (1000101001, 0100110100 1111 8. 0111 11. 0001010 10111101 01101111 S. 23—24.

16111111- ·19858. 00111110 1111111010 11101 111 8. 8111 X. 000111, 111011 1110 0011101 013
00101000000111,1101001111100000111101111 1111011001, 1111111001 0110030 10100100103101
1811100 03 110001 011 101111 11 11011110 0131110130 03 1010 0001 Ρ11111011110. - 11011000,
10 16 de luin. (Fransk.) 110111011, 8101110301 013101 00 01100101000011000111101011011010. 10100103
1119-40.

1110011 ¹ *19859. 8. 811111. 0001110 8111110100 111 8000100010100 8100 11101110 03 (10101,
111100 310111000010001101101110011 1111010313 118101110103 111 001 1111110010 800100301;
00 0101101010101113100111110 0100 00001010011030100. - 111001. 18100011.) 11111. 1 001101-
01110, 0101101001111 X. 011111. 0011010 101111 01 01010111 8. 24.

1110111. *19860. 0001110110 81111001, (1000101301010011 810100, 0111101111 8. 8111 X.
1100111001 001011 [111010101111030101 8101010010100 0101 000 011100101001080111001103,

, 100101010011101010001100001010011100-0111001. 1810001.) 1110111 dg 1111. 1 cron-

110101, 811000 0011111111 111010110 11. 31-39, 66,

11. 10011. ’19861 8. 81118. 0001100 811110100 1118000100010100 8100 1110110 03 00101,

1100 010110 0030 11 011110 013 00 110011000001111001 1800130011101010 00111111100110 ’

 

