1786 Kone 1111111111 1111111111.

1 .
2160221111 20950. 1111111. 11111118111111111111111 1111111111ιὶ Anthus 1111111 1 1111-

1111111 111 11 11111331 1111111113 11111113. - 120. Octobr.) 111111131111, 111111 111111-
111111111111111111111 8. 130.

2⁰· Octobr. *20951. 11. Fa. ΙΙΙ. 1111111111111111 1111111131111111111111 1111111111 11111
11111331 11111111 111111111111111111 11111 111111 111113111111111(1111111311111, 11111111

111111 11111 1111111 1111 mode 91111111 1311 11111111. - (20. Octobr.) 111. 1 11111111.
1111111111 81111111111111 1111111111 S. 130,

2110111111 ’20952 11. 91. 111. 11111110111111 13 9111111111111 111 1111111111131 11111111

1 Suro 11111 1111 1111111 1 [1111111111 11111111331 11111111 111 ham 1111111111 61111-
moeglige. - 120. Octobr.) Udt. 1 11131111,011111111811111111111111 1111111111 S. 110.

20011011· *20953. K. Fu. ΙΙΙ. 1111111111 1111111111, 11111111111111111111 1111111111,

11 sende en 8113111111, 11 1111111111 13 11 1113111111111111 1111- 120. 0111111
1111. 1 11131111. 011111111 51111111111111 1111111111 S. 180.

----..-.- --.--——- - - -.---—-——-—————-·-——————-———Q—-

2⁰· octobr. ’20954Ι 11111 1111111111 1111111113 111, 1111 111 1 111111 111 1131111 tilde
8111111, 1111111111113131. 111111111113111111. - 111111111120. 011. 11111. 1. 11111
11111. 13 1111131. X. 6-8.

11. 111111. ’20911 11111111111111 8111111 111 at 1111111 111111111111111111 11111111·
1111111113. - 20. October. 1111111131111,1111111111811111111111111111111118128-29.

23. Octobr. 14249· 811111111111111.

11. Octobr. 20956. Μ. 11111111111111 8111111111, 11111 111111 1 Η11111311, 1111111 111 1111311
1111, 11 111. 11111 Rhode, 111111 8111111111 13 111111 1111111111 111 1111111111113, 3111
ham 111111 1 1111 1111111, 1311111111, 111111111111111111111111111. - 23. 011.
1111111 111111. 13 Udi. 1 111 111111111. 81111111. 110-71.

11111111. '20957. 111111111113 111 111 1111111131 6111111 1 1111111111, (1111, 11111111
. 111 1Ι. 1. givet 11 111111111111111111111111181111111133111111111111111111 1111111-
11131111 11111111 1111311 13 811111111. - 2. 11111. (111111 111111. 1 1111. 1111111. 1. 1.

11. 141, 111. 1. og s. 141.

24. 011111. 14252. 011. 111131111,011111111 81111111111111 1111111111 8. 182-84,

14. Octobr. '20958. 8111111111311111111 0111111111 111 111111111111 1 Ρ11111111111
113111111 111111111 11111111111111311. -·- 124. 011111.) 111. 1111111111, 111111111111111-
111111 1111111111 8. 184.

11. 111111. ’20959 K. Fn. 1111111111 mod 1111111 1110111113 1111111111111 1113111-
1111111 1111111111 8131 13 mod, at 11311 111111111111 1111111111, som ikke 1111 Pas
111 111111, 11 111 1111111111111111311811111.- 25. 0111111. 111 ι 111111, 11111113-
1111111111 13 811111111111111 11111 1 011111118428.

11. Octobr. *20960. 11. 1111111 11111113 111 1111111111111 1. 11111111, 11 1111311 111 113
11111 111 1111111 111 (111111 111 81111111111111, 1111111 111 31111113111111, 111111
111111111131111 111111 1111111 113. - 11). 25. October.) 111. 1111311111,1111111111111111·
111111 1111111111 8. 184-81.

11. 111111, 20961. 811111 1111111 11111 6111 (G. 0. 811111111 111 111111111111 81111Ρ11-
11113111 1 811111, 111 1111111113111 31111 11 111 1111111 111131 Magnus 181111). - 25.
October. 111111.) 81111. 1111 811111 111111111813.8.80-88.

26. 011111. 14254. 111111111131111, 01111111181111111111111 1111111111 S. 136-87.

26. 011111. 14255. nrum 111131111, 1111111111 81111111111111 1111111111 8. 142.

 

 

