Κ111 1111111111 111 Τ1111111. 1683

118.
’19791 811111111111111 1111111 01111110111 1111111111, 11111111 siges, at 1161111111·
11111111 81111111 pan sit 01111111 11111 11111, 11 111 111111, 111111 01111 111 111111

11111111, 13111 011 111 ej 1111111111 111111 11111- 14. April. (Spansk.) 1111111. 1111111
1 Gigas, 0111 8111111111 11 1111111111 S. 302, 111111. 2.

’19798 811111111 111 1111111111111 1 111111 111 Fr. v. Lisola‚ 11111 1111111111 5. 1111111.
81111111 1111111111 111 Frygten 111, at Freden 11111111 811113 og 1111111111 11111
1111111111 Polen til 11 1111111 1111. - 15. April. 1111111) 011. 11111.11111111111111111.
40111111.

*19799 11. 1111111. 0111111 111111111 111 8111111 1111111 81111111 1111111111 11 1111111111.
1111111111 11111111 og Krigen med 01111111 1111111111 1657 111 111111 1 111111111. -

Actum 11111111 8. Aprilis. (Svensk.) 811111111111111111111 111111111111111111-11111111111807-42.

’19800 11. 1111111. 01111111 1111111111111 1118111111 111311 81111111 1113111111 1111111111.
0111111111 111111111111 og Behandlingen 1111111011111111 111111119111111111, 111 11111
11111111 1111111 11111 11111191111111111, 11111 11 111111 11111111 111111111181111111. --
6111111191, d. 8. Aprilis. 18111111.) 81111111 111111111111111111 1111111111111111111111-14,

’19801 0111111 0111 8111111111, 0111111111111111 811111, 11111111111. 1111111. 1111111111.
0111111111 81111111-11111111 811111111111111111113 111111 1111111, 11111 11111 1111111111
011111 om, 11 111 11111111 Adel 11111111111Ρ11111131111111111111 1111. 11811113 og
111111311111311111111111111111.-11.8.Δρ111. 1811111.) Β111111.10111111111,1111111
1111111111 11111111 11. 26-28.

*19801 111111. 11131 811111111 1110131111111, 11111 1111 1111111, at 1111 1111 111 10. 1111111.
1111111, 1111111111 111 111111111111111111113111111118111111 111 11111 1111111111, 1111
den auden 11111111 11 1111111111. - 10. April. 11111111. 1 11111. 1111111. 1. 11. 11. 111.

’198011 11. 111111 1101111111 1111111111 111 1111111111111 J. Ρ111111111111 og 10, 1,,111,
11111111111111311 J. Sylvius 111 111 dem 11111111 1111111111111111111 111 811111111. -
60111119, d. 10. April. 1511111111.) 11111111181111.11111.111111111.371-81.

’19801 11. 11111111. 0111111 1111111111 01111111111111111 1 811111, at kun 11 11111111.
1111111 11111111 1111111111 111111111111 111 11 11111111 111311111111, 1111111 111111

1111111311 111 11 1111111111311111111. - 01111111, 12. April. (Sveusk.) 11111. 1 1111111111
1111 811111 111111111868-69 S. 92.

*19805. 11. 11111111. 011111 1111111011111131111111111111111181111111 1 011111 1111111111.
11 111111111 11131111 11111111 og 1 1111111111 11111111111111311 1 11111111 1111111311
111 1111111 1111111111, 11111111, om de 111 11311111 0111111 Μ11ο1 11111111111 penge
111111111 1111111111111 111111 111 limburg, 111111 1111111 111111111111111 1111111111.
- 61111119, 12. April. (Tydst 1111.111111111111111181111111111111111111118718198-19.

’19808 811111 11111111 og 01111 give 11. 11111 X. 011111 Μ111111111 111 111 1111111111.
111111 1111111111111113; 11 have klaget over de 11111 1111 1111111111 11111111. - [1.
13. April. 18111111.) 1111111111111. 1 0111111111, 0111111111 1111 11. 011111. 0111111 111111 pfl 1111-
mark 8. 6-7. ·
*19807. 11. 111. 111. 1111111 01111111 Lange 111011111131111 og Bispen i 11111 111, 111-1111111·
armore, 111 111118131111111111111811111113 13111111381311 11111111 1111111111 1111
11111111Μ131, 1111 1111111111111 11111 1111131111111111111 8111111111, Fru 11111111
81111. - 11111111, 1. 15. April. 111111111111111. 11618.

 

