16118.
11. 11111.

19. 11111.

12. Febr.

12. 1111.

1674 11111 ’1111111111 111 1111111.

’196911Ι 1111111131 81111113 111 1111181111301111111111 111 11 11111111 en
Μ111111 sold 111 111] 11111111 1111111111. - 1111111111. 1111111111. 1111111119. Samm-
11111 8111111111111111111101111111111111 11. og 18. Febr.

12138. [1111111111 111011111111111 11181111111111 11111111111111111111111111111 1853
anag s. 1111

’19691 11. 11111 11. 0111111 811111111 111 01111111111111111111 11111 81111111.
11111 111 1111111111 11111111111111 01111111 0111111 8111111111 0111 1 11111. - Fau.
12. Februar. {Tydsk.) 011. 111111111111111111111111111111111111111871 8196.

’19698 11. 111111. 1111111 1111111 011111131111111111111111181111111 1 0111111
11 1111111 11111- 119111111111311111111111111 111 1111111 1 111111111111113 Sonderborg
med 111 1111111111 11111 11 11111181111111111111 11 111111 111 1111111111. - 7111111111ιί1-
nume, 12. Febr. 11111111.) 1111. 1 111111111111111 1111111111111111111871 S. 126.

’19699 011 1111111 (1111111 D. 1. 1111111 11111111111 111111131111111111
om Pyens Erobring, ved 1111111 11 81111111 1111 1111 11111 Τ11; 1111111111111Τ111111
i flertugdnmmet, og Storebelt 11111111, er der gode chancer 111 11111111. - flamm,
13. Febr. 111. 1111111111 111113111111111111.111111111101111.1111111111111111111111111 111
81111111111 1111. 185-86.

’19700 11. 1111111. (11111118111111111111111111 118111111111 1ο1Μ11191111111,
Ν1111 91111111 13011111101111111111. — 11 umorem Hauptquamer 111191, d. 14. Febru-
1111. (1111111.) 111111111. 81111. 3. 11. 111. 761-86.

’19701 11. 11111 11. 01111111 8111111111 til overkrigskommissaer 11111 81111111 1
011111, 11111 11111 1111111 011111111111 1111111111 11 11 11 111111 11111111 011111 1 Fyen.
— Kjoye, 15. Februar. ¹(Tydsk.) 1111.1111111111111111111111111111111111118718126.

’19701 011 11111111 01111111111111111111 1111111 8111111111 111111, 11 Godset

Eschebirge 1119111 11 assignaret 0111111. 1111 1111111. - odem, d. 16. Febr. (11111111
011. 1 111111111111, 01 11 0111. 1111. 1111. 159. 1111 1111. 1111311111111111 111111111011111

’197011 0111119111111111 1111111111 11111. 11 811111111111, 1111111111111111111-
111311 11111111 111111 11111 11 1111 Betydning 111 0111111111111111 01111111 1311111111
1111111111. - How, 26. Febr. (Tydsk.) 11111111111111.011111111111111111119111111111 111
81111111111 111. 124-91.

’19701 111111111113 111 111 1111111 0111111 111 111 111111111131111 Hos,
11111111, 11111111 111 11111111, 11111 111111 01111111111111111 1111111 Berlin 111 11

1111111 111 Konga til ikke 11 111111 nogen Fred med 11111-111111, 161111. (Fransk.)
1111. 11111. 1. 1111111. 1. 1111111111111. Friedrich wilhelm 111 81111111111 11. 151.

’19701 11. 11111 11. 011111 11811111 1111111011111111111111111111111181111111
10111111111111111113111111111111111111 med Rov og Plyndring, som ere hegaaede i

Fyen. - stordundmwle, 11. Febr. (Tydskj 0111. 1 111111111111 111 1111111111111111111111
1871 ³126,

12458. 111111111111111111111911111 11 18. 11111. 1619. 11 111111, 11111 8111111111 1111111 8. 71.

’111701 11. 1111111. 011111 1111111 01111111111111111111 11111 81111111 1 011111
111111111111911111111111 at inddrive 111 11111111111111111111 1311111111111111111111111

111 1111 111111 111000011111, som 111111 111 11111113. - 7111111111111911, 1811111111.
18111111.) 1111. 1 11111111111111111111111111111111871 S. 1116.

 

