1614 ’ Korra 1111111111 111 Tarum.

11ξῦ301· 119015. 11111111. 1111111111. 11111113111111111113 1111111 18111 11 1131111,

111111111111111111 111 813111111111111111113 111 111111 111Μ131, 11 111 kun 11
111111 1141111111 13 de 11111 111111111111111. - 1111111113, 1. 21. Febr. 1111111111
81111. V. 616-11.

211111· · *19016. 11111111. 1111111 1131111111 11111111 Μ1111111 11 3111101111113 1111
1113111311 11 en 111111 1 1111111111. - 1111111111, 28. Febr. 1111111111.11111.1.1.11.121-211.

2⁸· Febr. ’19011 11. 11. 11131 11111 11111, 11 111111111111 1811111111 1111 31113 Rdlr.
til 1111111111 1111111 9131113. - mmmm, 1. 28. 1111111. 1111111111111111111113.
1111311111 111 11131111 1. 1111111111113 1111. 111. 11. 191 1869).

25. 1111111· *19011 11. 111. 111. 1111111 111111111111111 11 11111 11111111111111, som 1111111
11111111 1119113 111 111 111 11111111 111 111 1111131 Mynt 111111111111118111. -
1111110119, d. 25. Marta. 11111, 81111.111111113131113111111. S. 201.

31111111· 11469. 01111111111111111116.

31· 111111· *19019 9111 111 1111111111 0111111111 111 01. 11111111 1113111 1 Η1111113.
1111111111 skriver, 11111311111111111111 11111 finde 1111111· 1 01111111 1111111111111 11
11111 11111 13 1111 1111111111 811131111111. - 1111119, 31. 111111. 113111.) Bromi
111-1111111111, 1111 111. 111111. 1113111 1111111111111 8. 411-12.

mmmm, *19020. Wrcourrorrrs 1111111111 111 11111111 Μ111111, 11111 111 111111, 11
81111113 111 11111111111111111111131111111111111111131111111 111113 11111 13 Β1111111113;
11111111 811111, 111111111113191111111113,111111 11111111. - 11111 Datum. 11111111
011 11111. 1. 1111111. 1. Geren. 1. 11111. 11111111011111111111 9111111113 11. 38-119.

1111111111. *19021. 1111.13111111111111111111111 111 [11111311 1 11111, 11111 1111111111
0111311111 11 11 11111 1111111131 1111111111 Tropper 13 1111111111Ν11111113111111
119111111131111111331 Ηο111311111111 111 01111111111, 11111111111 8111331111 1111111111-
111111111 11111 11 1111111113131111111113ς 81111131111 111 111111 111111111111 med 11
11111 11111111111111, 11. 11. - 0111 Datum. (Tydsk.) 1111.11111111,111.1.111111111111.1.
1111111 11111111111111111. 111. 201-08.

11111111- ’19022 1113111111 11111111 Burnus 01113111111 111 111111111131111 111 Horre-
113111 Bibe 111 29. 1111111 111 211111 1655. — 11111 Datum. 1111111111,113.1111111 111.

81111. 11. 111-41.
⁴· '⁰¹ ¹4·⁸1'¹¹¹¹⁸· *19023. 011 1111111 1111111111 1 1011111 11111111 1111111111 11. Fr. 111., athan 11111

1111111111111 81111111131111, 11811111111111Μ1111 111 1111111 11101111 11 1111113-
1131. - 14. Apr. Udt. 13 1111111. 1 Gigas, 01118111111111 11 1111111111 S. 249-50.

⁸· ΨΜ *19021 11. 111. 11131 Brev, 1111131111111111111 1111 11111111 11 ’111111111111-
riksodde. - 8. April. 1111.111113,81111ΒΙ11.1. 1111111111 1111111- 1311111111111. 8. 121.

⁹· *9¹¹⁸* *19025. 11111111. 11111111 813111111111 Η111 11131111 Weddel i 11111 at
11111 11111 11111 81. - (9. April.) 111.111111111111111111.111-11.

11111111* ἡ19026. 11111111 01111111, protectoris 1131111, 11 113111 1111111 1111, quibus
1111 11311, 11 111111 mercatoribus 1111111111111, 11111111111111111111111111, 11111
portorio soluto, retenta 111, 1111111111 reddat. - 9111111111111, April 14. 111111 111
10111111 0111111111. 1111111111 1111111. 1111111111 1703. 81111111111118.396-98.

22 Arrius. *19027. 1 1111111111 1811111111 13 0111111111 811111 11111111111 0111111111

11131 111 11 1111 dores 81311111111111111. 111. 11111911111111111111. ·- l). 22. April.
81111. 1.]111111111. 13111131. 111. 7-9.

 

