1111111111111 111 111111.. 1593·

1653.
*18170 11113111 8111111111 131111111111 1 Fyrstendammerne 8111113 13 1111- 1111111·
1111 11111 1111111111 111 811111113, 1 831-1111111111111, 1 1111111111111, 81311113,
11111111113131111111113, 1111113 8111111111 111111 111 Rusazus, 111. Kar 1111111111,
111. 8111111111 1111111111, 1111111111181111111 13 0111111 111 11111111 111111111-
11111113 111, 1111 11 111 111131111131111 8111111111 1111111111111111111113118333311111111.
111 11113 1111311111111111, 11 1111111 Sum 1111111311 11311111111111 5000811111. i
111113 111111, 11111131 11311 11111111111111111 1811111111 111111 1111111 1111111. -
Uden Datum. (Tydsk.) seur. 111111111. 1111111 111 111. 11241. Wolff, 1111111111 11311 Denta
S. 420-22. ·
*18771 11111111111111111111111111111 111111101111111 1111111, 11111 1 ud· 2· 11111
11111111111111113111 1 1111111111, 111 11 11131 111, 11 1111113111 1111111111183131111111-
111111, 811 af den 111111 1111111111 11111 11111111111, poa 11. 11 1111111111 111111

11111 11111111 11111111111111 1111111 pao deunes 8111- 111111, 1. 121111. (1111111111.)
1111111111 111 111111. (1111111111111 [11111116. Sorte. 2111113. S. sos-06.

¹ 11103. 81111. 111111111. 5, Mau,
*18772 111.8111111111111111111111111111111111 epistola, in qua conque· 1111111111.

11111, quauta vehementia 11 apud 111111 salutatores, 1111111111 Sueuos 11 Dauos, 111
desistat insectari Lansius. ·- 11191111, 22. Maii. 1111111111111111111111118447-19.

'terra Truosvmuuttt, 11 Ν1111 1111111111, 1111111313 111 ungens Sehested t. 1111111
8111131111, 8111113111111111111111, 111111111111311 11111111331111 1 811111111111
1111111111111111 1111 1111311111 13 013 111 11 oprejste Bauner. -- 17. 1111. 1111111
11111111, 11111. 111111. 111 811111 1111111 S. 9—10.

*18774. K. 11. 11le 1111111113 111 8111111111 81111111113181311111111111- 2111111-
111131111 111 Philippi 111111 1113 1650, 11 111 1111113 111 11111 1111111 Belou, til '

Philippi 111111 vag 1652, 11 113. Samuel v. 81111 11 11111 bokom 111. - Bosara,
21. Maij. 1111. 1 nuans, Personat 13 1111111111111111111111 11. 105.

’18771 811111111 111 111 1311111 (1111111 1 1111111111 Grau 1111111111 111 21. 11111·
8111111111111111 1111111, 11 111 11111 0111, at 111111111 81111111111111111111111111
11111, 11 man ikke 11111 111111111111111 11311 11111111, som 111 111111311. - 31. Maj.
(Spansk.) Brudst. p. 1111111 (11311, Grau 81111111111111111111118. 184.

’18771 K. 11. 111. 1111111111 11 Vide 1311111131 111111111111 1 81111111111 1211111·
11 4. 111111. 1637. - Hella, 22. 11111. 11111111111111.ο1111131.1’1.·253-55.

’18777 1111111111 1111111 1111111, 111111 1 111131, 1111111111111111111 Laurits 24. 11111·
1111111111 8111111111 111 11 raro Biskop i SJaelland. - 1111111111, 1. 24. Maji. ry 1111111111.
81111. 11. 114. Summe 8111 13 1113113111 111111311111111111111111 8111111111111 11111.

*lorea 111111 11111111 1111111 111 11111. 8111111111, 11 11 111 111111 statio· 2111111·
111111 111 11 1111111111111111111111111 11111111111 med 20111111 811111 Suadet. —
1111111111111111111. 1111131111.) 8111111111.111118111652-538253-54.

*lette 11111118111111111, 1111111111 1 1111111113, 1111111 111 1111. 8111111111, 11 31. rutl-
1111111111111111111111 113 11111 rrjse 11131, 1111 11111 11111 11111111111111111
1111311 med Hollaenderne 11111 111 11 111111 111 11 1111131111111 81111 13 audet. -
1111111119, 31. May. (Engelsk.) 81111 111111. 11111. 811. 1611-111111-11.

‘'18780. 81111311111111111111118111111111111111111111 113111111 111 111111 1111111
11111111, 1111111111111111111 1 1111113 [111 81111 11 1111111111 01111131111111111111,

 

