1260 ‘ · 110110 0001011111 0011 110000.

21155001 ’15000 0001001000 111 1000011300 1 11101, 111011 000 001010100 111 0101011010,

1110110000 0010100 1101 011110 013111 1100100101111011101010010 30010010101001 001 000 00001-

0000010110 11100000 1001001 111 11000100000001. - 28. 110111. 1100011.) 00111110011011.
d. 1100000111111 0. 1110101 001101011110111111. 11184.

’15003 [1000101100 01 0010000110-00001000001110000- 03 11100111010001000-
00300 1 11101, 111011 1101110000 01 1111110001100100101 10010010100101100101010301 03 1111011000
01 0110010 Gangen 01110001011100011030100, 101000 man 1030110101010101110100103101. -
29. April. (Tydsk.) 1101.11101100110100.0000001101101110101110110101101011101.11105.

’150011 Panum, 1110000- 031011000100011101103000000 0100113-110101000110
1000003 i 111οΙ 0010 8101000 000 131. 03 001103011301100111, 111011 111100000101000100 01
0010000 0100 00001011 03 gives 00 0011030100ονἰο 0011111103 111 00100010000. - 11101,
2. Maj. (Tydsk.> 1101. 1 Rauen, Verz. d. 1100000000. d. 111010111011010111110111111. 111811.

*15000 100000100101010110301 03 00010110301 0001000003οο Ι 11101 0010113
1103000000 1100100100010011000003, 1000000100 01 00 10000101010111, 1101000100 01 Ac·
cisen 000 1111010100 01 1111οΙ, 1001010100 01 00 1011100 1000-0311101101010110100 00011

303011030100001110100 10111. - 11101, 2. Mai. (Tydsk.) 0011110000,10101000100111110.

111010100111110111110111111. 11185-86. 1101. Ι 10000111. d. 0000110011, Ι. 81111000.-110101.-1.000011. (10001111, 110-
0011. S. 31. (1101 0010101 3. 1110.)

’15000 0110101103 01 0111101100, 11100011- 03 1011001110 000 [00000300 1 11101
0030110000 1100111110100 11100100010000, 10100001103003000000 0010000 03 11001010οΙ000

af et permanent Udvalg. - Kiel, 3. Mai. (Tydsk.) Udt. 1 1101100,1011.0110000011111101110101
001101111110111111. 111Ι 86.

*15001 0100001 0011101, J. 11010111 01 Tuom 11111011, 010100001001 0000001101
1100οΙ00010, testimonium, 1011000001 Corvinum haud ineptum 0000, quie 1000 superiore
concionatur. - 11001110, 3. Μο11. 01111100011.3.11.11.498-99.

115008. 11. 11110. 1st og Hert. 0110000111 111. 01 00110100 Mandat 001, 01 00
0010 11110 00110113 11010 1101οΙ1 000 0010 11010101 16300001101000011001111101100, 01111110
10000101000 0100113-110101000101000101.-111 01100101 1101110 0111011001 Festo 0111111001-
0111040111. (Tydsk.) 80110011010100. 1101. Ι 1101101000. 0.11111110111111.0.110101001101111010-

011011. ΜΝ. Ι. 70115009. 1100. 03 0001110001οτ 0011001 11101, 11101100 00110001310100, 01 001 000

30100103 00011013000011030 0101 1101000 11νο11010101 1 1100000013. - Veste (1100110011,

d. 5. Maii. (Tydsk.) 80111. 111 11010100.
011111. *15010 1100001010 010 00 [1001010010301 101 1100001131 101000, 001 1100101100
, mod 110111010011110100000, 8030001001 111 1100001110. -11010010 1101111110, 1111000300 0.

5. Maj. 1111100101. 80011. 3. R. 11. 780-82.
5. 010. ’15011 1100 11000110 11000001 1011011111οε0 1011000101 810100011010100 3011111111Ιο1,
011100100101111001101111000 00003001101101001 101 01 100 00 000000 0001010103 00001
1101 001030111. 01 1100100110 01031103 03 1010010001 110010100101111, 800101, 1111011 01101

,01011111ου000 111 Ρ10001010000110300100. - 15. Mai. (Franskl. 1011100ου 10010010001100·
01111100 ΙΙ. 271-74.
1111011. 1114. 0101.11οο1010.16430.05-00,

12. 11111. ’15010 1100 11000110 0000001 10000110000 811111οΙ00 111 510100011010100 1101111111Ιί01
1110111100011110101000 1100131100, 001 01 110011001 00 010 101111100ηο 1110000 03 00 00010
1110000 001 001 8101, 001 0101 gives K. 01 1100100111 003000000 11000 110000031103. -
0101101010220101. (Fransk.) 1011111000 01010010 00100001010011.081-88.

 

