115115 1155151551 555 115555. 1215

1632.
’14501. 1111551153 Hert. 15555551 5105115111 551515 115151515311111515155 29· 11111-
111151551515515155 51 55115 115515 53 11111515 1 1151515155, 151 151 11115115, 51 Ros· '
115555155 1151515153 511111355151135515155 1 1115115511 515115 51115 5115511. — 8511515

5565551553511, d. 29. May. 11111151.) 855111. 5111515115.

’14502 155151155151515 Η515155515, Μ. 1551111155 Bessus, oum professoribus 3011111-
5555551551, electionem novi rectoris propter lucium publicum 15 templo 5551515155 1511
555 posse, et se decrevisse 515515 domo consistoriali 0.11155155511)5115515 insequentis
5551 rectorem 515515. - 30. 11151. 5555151535111 198. “

’14505 Biskop 151155 01515555155551 5111151 111Η1.115151811511 1155515311, 1· suno.
iiovedsmd. pse Riiherhuss‚ 51 han 1115 151 55351 1111151 111 51 hjaeipe Prosterne pse
515515 5385515155115111; 555 151551551, 51 Leone 53 1111515 5555115155, 53 5555111151
1155155 555 115515 11115555551555 0155513. - Bibe, d. 1. 1551. meliorne, 1555 11155555
111515 S. ese-64.

*14504 11. (15515111. 155515 811115155 111 5135155515155115101555115155, 51511 211111-
555 1111551151 55 ny 01511115153 51551515 181511351. 5. 51 1155515 111 11. 5105515511. -
0515515511, 1. 2. 1551. 1815551.) 111115115111155. om svenosa 1113555 5151. 1. sos-25.

*14505. 0555551115 vso 5551115555 811115155 111 15555555Μ5515155, 51511555 55151 4· suno.
1551 om 51 511535 55 1111555 111 851151510151551. - 1151511515, 551111151515. 11155511
1555110155 iii. 545-46.

’145011 155111555581511115’5 811115155 111 11. 65515111. 11511, 51511555 551- 8- 1⁰⁰¹!-
15151, 51 555 55, 15 81515 53 1151155515 515151 5555115, 1115 1113151 55351 551151 11. 51
05515511, 511551 555 555151 55 1151 81155 111 11555. - 11151555, 1⁸3. 1551. (815551).
1151111155111155. 515 81555151113555 5151. li. sss-92.

*14507. Penes 1111155555, 8535511551 1 1555513 53113151, 551511155355 551 9· suno.
511555115 5115 53 55551115 55335 15 551515 85355, 151 51155 5. 1594551515151 55115515
5155 8535511551, 53 55335115515355115, 55515155 51555 5511 113151 11551535511. -

1510513515515955111, d. 9. lunii. 1111111551518515111618-Ὶο 15151511511115 355515 5111511,
5555151631.

’14505 11. (1551115 Sirivelse 111 (155515151515155, 51511 555 5115151, 51 555 ¹¹· suno.
1511111513551511115551 51515115 015555151511555 1511515155, 1551 51 5555 051515551151
11515 551115 5151551555. 05115 511515 55115 055515151515155 1115 31511. [1555513151
11551151) ikke 51511551 5515, 5155 53555 1551 115155155, 5155 1155355 151 153111113 111
51 151555115. - 1551555555191111551. 111151.) 5115111113 11111. 4 111.

’14500 1551515555 111153 111 155151555 151 151111155515 Legat, 5151151 151 11· suno.
1111151555 51 1155555151 1511155 155 5511535155, 5115155515155 1115 1555 15155 5511 51515
151 3 1115555151. - 1155555515, 11. 155. 5551151153.5.11.1.198-99.

’14510 1551555555555 151 05115151151515 Β515515153 551 Hermen Cium 51 11111111·
1151515351, 5515 155315 151 1115 55115 15151 tii 111515 53 1515531155 151 515515 55315
1111515515 55515351. - 111551. 11515551. 5515155. 111. 203-08.

’14511 11. Cim. 11511515Ιί53, 51 15355 1155151 51151 1155511511 1555 1111551 14- sunu.

11155 51151 Wae, 53 51 15555 5151 5515 151 55151 05115115551515 81515 151151151155. -
4111515551, d. 14. lunii. 1111. p. 815551 1 (11115513, (15115115551515 Lien S. 1.

’14511 11. Gne. 111. 5111151 111 151155 51 155151515 53 5555151511151. 111551 111 li· suno
Τ1115515 i 5555 15151115. - 17. 1555. (Latini 11111515311155151,1511511515115.72.

153*

 

