11010 0111011110 011 1111101. 907

00100010 111, 1111001110111111 1110011011001 private 110011111000011, 100 111110110013- 1613.

111010 11 11 11111111 besu-ide 0031111101 110 010 11 Hert. 11101 0. 303111000011110011
1111111131 1101 1011311110011; 0110010 1110101011001111 010, 1191001101 ikke 1111111101-

11111, 1010 91011111, 0100111111) 03 81101111101111 1001 11 corpus. - 000011, 21. lan.
1110111.) 010011 1 1111110, 1111. 0. 1110010000. d. 1110111 0011110011111111. 11. 325.

’10921 81111111 0111111111101 1 91111100 10. 1111111001, 11 010111001113101111- 2111111011.
1110 1100110 01. 1. 111 011 01111 0311100101 11301 11111110 9030 11 00111131 M. Pani
11000110 111 dores sognepraest. — 11111111, 0. 28. 11001111. 1011111111. 11101, 3. 11. 111. 131-38.

’10920 11. 11110111. 1111031100 111311 11111. 0111. 111. 0111, 01003110101111 have 1001011.

013001111110311119111), 1010111111100111 011110. - 11111111, 30110. (Latin.) 011. p.
1031 11111111, Second 11101111. 10.

’10929 0111 111 (den 1101101 0111111011 som i Ν1. ’109051 111 11. Chr. 11., 21101.
1101111111111111110 1111111311, 11 11101101010310 1010 811113 1111131011 11101 11101111 03 01

1111110 1111111101 11000111 011111001111 0000110013. - 11111111, 2. Feb. (Latin.) 01111.
103. 1111111111, 811000 1110011 S. 43.

’10930 91111 1100011111 1111111111 0310. og Raad 1Τ31110,1ῐΜ1001100111111113 111111.
har 1111101 ham 11 1111131 113 11111110, 03 at han 011101 1010 0111111111 vil komme til
111110. - 1010013, 0. 13. 11111011. 1101111111111013.1111113899

’10931 111111 smus 0111111111 11011111 1011100111 010 111010001111110011031101 2111101
10111101 911113 03 01010111, 11111111 han 111101 1011110011, at 11111 11101111110111101101
1111111311. -· Newmarlael, 20. Feb. (Latin.) 001 p. [10311110130110001110011043.

’10932 11. 1111001. 11 11031000 0111111111 11011111. 010 1110111111 1101101011 221111. -
1“011111111030. 14. 1101.- Westm.‚ 22. Febr. 11101111.) 0010.1103111111018110001110011810.

5455. 0111 11111111111111111 140. 24, Febr.

’10933 11. 01111111. 1111111111 1110111100οο0 011 1110111110013 011111 1. 111010, 3. 1111111,
at 1110 skal paaminde 1001133311011111111100 010 1111111111 at 1101111331 9111101010 03
10010 0001111103 11111111 101 3001 11011. - 3. 1111111. 001. 111111111. 11111111. 11. 146, 116-61,

’10931 11.00111111.1001111011101 101101111191131110031011101111101110- 22. Manu.
0110 1 9011101101 03111110111111 01 10 01111101 Ρ111 ρ1011111101101 0111111, 0101010111

011 011100 011010111010101911113 011311 110100111001113. - 8101110101, 22. Mars.
18111111.) 9100111111. 1 1110100113, 0011111 11. 100111 11111. 11. 774-75.

5458. 1111101111, 1 111111, aeson. cnr. 11. 00100111113111565-71 2, 3,,33,

’109311 11. 01110111. 1110011101.11101111110110011, 8101001110 1 11111013, 03 3, Aprilis.
11101 Successor et 11100111010001 191110130010111111, 1001 11 100131 11111111. 9101111101-
101011100. - 3. 10111. 1111110111. 111013. 11. 11. 511-18.

’10930 1111110111.11003110011111111101011111110111, 11101111, 11111111 1103- 8. 1,,313
1111111011 Segi 00011 den 01111110010101111 03 811113 111111101111011101111, 1001 11003101
011100100011110111011111 1111 11113111, 03 som 1100310 00 11111111000111131111. - West-

00001, 1111 113111 day 0110111. (Engelsk.) 1111310010101111158.

’10931 11. 11110111. 1111031100 1111111 11. 0111111. 101111010011110 111101011311110 12111011·

10101103111111111011111100.- 11111111, 12101. (Latin.) 11110113.111111131110111111·
11118. 10.

 

