1634.
23, 111111

28 111111.

Decembri,

10115.

2. 111011.

2. 111011

0. 1111111.

5. 111011.

7. 111111

1268 11011 0111111111 0111 111101.

’15090 811103 1111111103 111 1111111110 1011111111, 1131 1 011011, 011 11180111-
10110110111 031111111111101111 Iudicium 03 1113111103. - alueum, 1. 20. Decembris.
(Tydsk.) 311111, Ι 1111111111. 81101. 3. 111. 14-18.

’15090 1111111131 811111100111111 0011111 1011113111. 1111111010, 11111310

11111113 10111100 000111111111011110 10111111 1101 1101- 1301111011, 1. 23. Decembris.
1111111111. 81011. 3. 11. V. 111-20.

’15100 11011111011101 1111111111 1101010110 1110010311111101011 111 011011-
31111, 11 1111 113111 110 11011 Synd 1111111 1011111111113111 110110, 03011100 1110111
0111111 syndon Forladelse. - 111110 Datum.) 1111101111101 1 11111111-10.

’15101 Hert. 0111111 11 8111113 03 11011110 1111111111 511110 11310111111031
Ρ1111113111. - Ameslcjzebmq. (Tydsk.) 31101111, (1111111. 0111111.0.1)11111-111111111. 1111103110101

8111111113 111. 362-63.
’15102Ι 111011 11111 0111011111 1111311111 01101 011120111111811111103

1 81011111 1 011111 03 2011111011 1101111111 1133311111. - 011111011110,1.111111-
111111 11111 S. 37.

1634-40.

'15103. 1111113 1111111013 11031103 103111011 Μ. 010111311101110, 1111101 1
1110013. 1111111 saun. 1. 1. 11110-81

1635.

*15104. 01011111 0111110110111011 111101111000111010 Christianum, 1010111111

1101011 popularem 11101 recommendat. - 1111111131, postridie 1111. lanuarias. 1111111111
Gmm ΕΡΙ511511)85.29511101111111 111 01011111 Louna, 11111101 1 011011, 111 11011111, om 11

1111 0111 111 Lov til 11111 11 1111111111 1 011011. - 11011113, 2. ianuarii. (Tydsk.}
1111111111. 81011. 3. R. V, 26-27. ’
’15100 11. Can. lV.'s Skrivelse 111 1101101011υο 1 1110101111,11111111111111111

1 110111 110, 11101111 1101311 1111101 patronatus, 111111 111111100111111111111111, 111-

111011 11 ikke have Frederik 11.“1 Bibel. - 0011103111, 1. 3. 11001111. 111 1111111111
sm Ἦ1455107 11. Can. lV.'s skrivelse til Frederik 11101 03 D. 11101 11111011, at

M. Thomas Lund, tydsk Praest i 1111110311, 1111 11111311 101 ’1111111 101 011110111131
11111311 03 10111101 11111111 som 1111010 0101 11 11110111 11311111131111111111.- Kol-
113011), d. 3. 11011111. 1110111011111.11111.

’15100 011 11101111 11111 111 01111111, 111011 han 1011111111 010 den 01111111101·
01110, 1001 11 11110111, 111 111111 0101111111 113 1 110 1110111 11113 1016111, 03010 110
31111111 Elefantorden. — (5111111111.) 11111111.) 1110111. 1 1110111, 111 110110 11111110111001 S. 82.

*15109. K. Can. lV.'s 1111011111οο 03 8111 111 5101111010 111111 110111 11111.
111. ’150941 1110111111 11111331101 1 111031 101 111 111 1011111011 101 8111 03111101

131131, 00111001 11 1010110110 11110 1111 811111 111-8101 1011113111, 1. 11101111.
01111111,Ι1113011111 11111, 11111. 110-51.

 

