11010 1011011101 0111 1011011.

’21006 11100 0000115011 og 11111011111011111000 bede 1011101101ηο 1 1111101100 2010111-
011 111010 11001011 001, 01 10, 1010 00 010100 1 0111011010 101101 01011 111001, 0110100111
100 01 10111 1011010 111. lens Durop 01 011 1111101111 ’11101 010 0111011, 110 1111010101
101101 111, og 100 1110 101101 01101 10110 101 1010101 dem 10100 1101151101 11111030, 1000
10101030 en ny 1111110100- 1000001001, 1. 20. 1101011111. 111 1111111111. 011111. 1. 681-80.

’21001 11.10.111.’5 0010011101, 01 1001011111011101010110010111101100010 21111111·
011111 110110101111011103100 Len, der 010 11101110 1010110010 1 1011011100, 010010 fljaelp

100 0010013101οη 1 1001010001, 00111 1100000 0111011101 111 01 yde 100-1101010, 1. 21. Novbr.
Ny 1111011101 8011111. 121,

21008. 11. 111. 111301101111011111000100010011010 10000101110111011101,11 21, 10011,

10 0100 0010115101101011010 101110110110100 1100111 mollem alle 8111101. - (2110100111.)
1111. 110000101, 011001 111 80010101011010 1110101100 S. 110,

21009. Μο0101101 0111100 01 1110111001εο 1100010110υο 111 1100010100 010101- 11. 110111.

0011111100 001 11101110100011111101101. - 121. 1101010111 1111. 1 11100101, 11111010100110101-
011010 1110101100 S. 169-70.

’21010 Supplik indgivet 1111100300 01 Μ. 11110 11001111, 1100010101 110 1101111101 21, 110111,
1 Α1111110; 100 heder 0111 1111010100111 0110100 111010 00011010 8101 000100 11113010 101·

givne Supplik om 1100111010οε 110000111000. - 21. 10100111. 1111111130100110111101001·
1010101010 1110101100 S. 169. 110100 000100001131.11000101100,

’21011 Memoria! 1013110111 Kongen 111100511000105 0000101000 001, 01101 c. 21, 10111,
1000 11110 10101 1100010 11110100 1111110111 1111111110 1000301030 00011 om 101011011100101-
1011 1011010010 1011101101111100. - 1100 Datum. 11111 11100101111110101 001101101011111-

0101100 S. 170-11.

’21012 11. 111. 111.’5 811110100 111 1110110100, 01 100 01 6015111310100 10113010 mmm.

Ropskat 0100 11011οε00 101 101101101οη 01 101110110110100. - 123. 10100111.) 1111. 1
11000111, 1111011111800101010110101110101100 S. 112.

21013. 11.10.111.’5 101011οε 111 111101100100 111. 10011101 00101011, 11100 den 24, Novhr.
fulgendo Dag skal 00000011110 81010101103101 og 1101000110 1010101 010, 1101 1010110001

101001001111110301101000 lykkelige 101100110100. - 1121110νο011. 1111. 1111001101, 011011
01310101110110111110101100 S. 112.

21014. 11010101 0101 1011010ῑί 1111001010003011 1001 111100010110001 11001100- 00110111.
10111. - 26. Novembris. (Tydsk.) 1010101010.110001010011011.11.256-17.

21015. ’1110011011 001 81001011010101 0101 1001100 8101 0111010101 000110000- 11. 110111.

bjerg 1011010001.- D. 26. November. 01011. 1.]1111 11101 og Topogr. 111. 141. 01511-540111111
01 1110101. 1100 0111010 1110 0111001101 81011011010100 010100 110101 (101001011101101.

’21010 1110511010 010 81051011010103 01018011011000300115 Bygninger ashjemlet 0110111,
110οΒ013100] Herredsting. — 11. 21. Νο1010101. 0101111101110001000011111-40.

’21011 11. 10111351010110100 001 1110100 01 0100111101 10011. -10118101 1110- 28, novbr,
benhaffn, d. 28. Novembris. 810111. 111010110. 1011110103106010111111111-1101111111.

21018. 10010110110 [1110011110101110001011 111000 1011103010 0101011001001 Novembri. ’
11101 001 100 11011100 01011101001110101, 11011 10 1000111101111 1100300 00110101100110-
10110000 og successionen. -w 11100 Datum. 1111. og 1111101 1 1111111111. 5. 11. 11. 188-89.

220*

 

