1999 19999911 9911 199919. 1681

’19771 lom 1111911119 [99119191 919 19191, 91 199 191 991 191119, 191191 ¹9· 1111111·
119119 919119191919 1991919999 iii lligsiolmesieren3 hele den 9199919 1191 91911 999
81911991 99 199 ej homme 1911 191· 1991 991991 79919. — Il. 19. Mars. islensi.)

119111. 1711999191999, llo 19 11911. 1191. 1111991.

’19771 11991.11119199999999 sparget 1911199919, 991 199 1991191191 9199 19111191·
Planer, 9119191 [19919911 191 9191191 1191. -09119 9. d. 89, 1911119. (Tydei.) 1111. 1 11119.
leiensi. 1. 119991. 1. 1911. Friedrich wilhelm 199 1199199191911111. 374.

’19778 19111991 11919919 11999919 111 11199191, 11911 199 9119191 1199191 991, 191111111-
91 191 9991991 1999 11119 9191191 1191 med 1199919111. - Paris, 99. Μ119. 1119991.)

1111. 99 1119191. 1 Uri. 9119199911. 119991. 1. 1911. Friedrich wilhelm 199 1991991919 11119.

’19777 ll. 19. lii. 191119991 99119191191919 1111191199 991, 1191111119119919- 20. Martii.
111999 111. 1991119 11111999, 8999991991 1 11991919, 19191191 91 1911999 9191119919199, 11
199 911191991911 9191, 9119 8199919 1919119199911919 99 9191 1191 911999 Formae, og
11 199 191 19191 1919 99 8991 99999, 1191 9111191 919 11999 191 8119191111. - 1119199·
kaim Stoi, 11. 20. Martii. 11111191111.89911.1.393-01.

’19778 119 119999911919-199919199191991918911111119919, 1191919199199999- 99. 9199111191.
19919 99 8991999999 instrui 19119199 Μ199199 111 Berlin, 119111911. 91 91991991919 91-
19199 9191 91 11919 99 1991 819119; 91191199 7991199, 9991 199 199919 1119 19119991
191 81999191999 111199919991199 99 81911991, 111 99919911, 191 91991999Ν19991111 91
919119 9191 1991819119, 1119 1919 11991 9911911991999111919ς 99 1119 [1911919199 999
9999 19991 111191 1991 819119, 111 199 11999991 99991911 19111119 19919191. - Colle,
20. Mam Hannover, ll. Μ919. 119191.) 1119191 11119191, (19991.1.1199991919.111999-
99199191. 644.

’19779 1199911119999911919-11991919999111991999991191919 »Nolon-Memoriali, 9911199,
191919119919 1991919119119171119119, 91819119 919119 9991119 1199199191991119919919,
11. 9. 999 111991 91 199 111919 19191911911919919 1911111911119919911. - 21. 11911. 171191.)
119191, (leuch. v. 1199991919. 119991919919 1. 610. 1199991919991911911199199.)

’19789 191191919199 119 199 9999919 11999911 1 119199191911191 1199999999 991 99111191.
li. 1911139 99 liliati ll. Gusials 11919 991 1191911191919. - 31. Μ9119. 1899991.)
119111 9. 11911 i 61999, 11191 191991119919191911919 8. 830-31.

’19781 11191 1199199999911 9111191 til liurl. 91 11991991919, 91 ll. 91999919 99111911,
19911911919199119991 9191819119, 999191 19991911 191 9191191 1191. - 11991, 1. 19111.
1191191.) Udi. 99 11111191. i [111.9.1919991.1.119191.11911111911191 wilheim 199 1991991919 7111817.

12535. hidre 1991119991111. Silina, halland, 11911999 9. 19199119 8. 8-24. 11. 1191111.

’.19782 Μ99999 liuteis 8111191991111. 19111. (iustas, 11911 199 9119191 19191 24 liartii.
1191 1119119 9919 91 1991191 119191 191 199 91999919 1991.-[1.24.91919.191911111
1119191. 99111111119919119,81199999111111911111911911.34-31.

’.19783 1199 9199919 19991919919991 1191191999199 99191199 111 9999199 999 99111191.
1199911919199911, 91 199 191191191119919 9191 191919 19 91191199 10 819119199; 6 199 119
919119 1991119199 111 19191. -119111919, 1. 24. Μ91111. 171191.) 1191101919181191 111111 -
illut. 99199991. lli. 148.

’19781 [19119991191919 1919919199 9191191 111 199999 9911919911191111999, 91, 111191,
89999919911Μ991911, som iii Trois 191911191199999 91 1999 919 9111999 991919199 111
1191919199 91 1911999 911 1911919. - 119 cantuario, 21119111. ily 19191111 Sami. V. 911-111.

 

