1660.

21. 166666.

28. 166666

31. ianuar.

ianuario.

ianuario.

16666616.

6. 1666.
· i. Febr.

1768 11666 16666666 ooo Tooolo.

20620. 11616116 6616666666 163611 61 1661666666 66166666 66616661166666616, io 666
66616661, 11666666611666, 16361666 0666666666316666, perfidiam 66316 866616 66666666 regom
06616 commemorasse, ei 66 61 11666666611666 restitutionem 066116 66666666 66 6666661-

tionem Sveoorum dando involvere 66116. - Damio, 1666666 6. 0166366611666166666.
cuch· ΜΞ(20563291401666. 66666 66666661166 11661. ai 116666666663 om 66 666616 63 6666611

(166666166616666661163666666(166666161616666, 63 666 666616666 666 1666616 6666661661666
6161166 866613, 1661 666 66366 61 66666, 61661 66661-6611666616163666 666 11666666 81111

66 66 1166616166 61661 66666616 11136. - 1166611666. 116661.) ori. 61616611. ι. ceseii
6. 11661. Friedrich wilhelm 666 1166666666631111.601-02.

20622. 0666166 0666666616666666666, 61 666 661616 116636 6666611666166
661616 1666616661666666, 61 666 61166, 61661616166 6166 11. 61 06666661 1611166 61661·
1636 116611616666, 63 61 666 66616661Ρ666666311166111666166 disse, 66666 6666161666
danske 11611361 8666. - 10 Febr. ’16661 061. Ι 86616361, 86661663 666016. (16666. 11. 3. 81. &iffi

20623. 0666666 1166666666 6161666111 11661. 6106666666663 om 616 63 66 666616
066666166611661666666 med 66 666661666616 0666166666, 666 661111161661661666 6636666666
116666616611111166, 666 666 6161666636 6661136 8166666163 616661 161161 mod 06666661, 63
116661 111 866613, som visor 613 1 0661113666 mod 666 6666616 6666661 (16661. - amdam,
10. Febr. iTydsk.) Uri. 6. 161666161166666Ι 11661. Friedrich wilheim von 0666666663111291-01

20624. 11. 66 8666666 6666611116 1666661666 1116166166 666 1113666366 1116166663,
66661 bio. 166661666 66 066166166 61 11666666 Mandskab, 66616636 666 666616 11613 66666.
- Uden 061616. (86666111 86661366 0166666166666616616 111166636166161611111206.

20625. 066 6666666 1166666166 votum 666 816116663116616166163, 66661 bi. 6.
6616616361666111666666666166616611616166, 66616636 666 666616 11613 66666. -161666
6011160619, 1 Riksdaghen 1660. (8161161.) 86661366 0166661666 66616616 111166636-066161611 1111216

20626. 066 66666666 6666666666 66 Annos 8666 666 11663666 proposition
666 1113666366, 66661 61. 6. 666 1663166666. 1166166166 61116666666661666166611366, 166-
111666 61166166 66 611166 1666 66611666 06666661 63 866613. - 0666 061666. 18666611
86661366 11666661666 66616616 111166636-166161611 vii. 221.

20621. ionio 11666666 6161666 111 61616666 om 11666666 1116636ς 116666666-
dauon i Roiskiid 66 616666 61666661 666 6106161616611]66666666.-10611666661, 611666.

(Siwnik.) Udi. 1 16616136666, 06 16 0666. 1666. 11. 4.
20628. 11666. 66 066666666666 816166166 111066116166, 1 6611166 666 666666,

61661 66 6661131 61 166 66 6161666113 1666, 63 61 06666661 666 6666616366 1 donne. —

Berlin, 3. Febr. 1166611.) 061. u. 1616661. 6. 116666. (i. 1661. 1161666166 11116666 666 flandoniam
ilii. 324-26.
20629. 66666666616666666 6661666, 61 666 666616 1666666666 1 11663, 0116

116636, 666 66616161 66 06666 111 666 6611666616 (16666611 Oliva, 61 666 6661666663
61616666666166 166666 63 6611666, 61066666161616666 1116 61116 3666661666 666, 6616666
6616366161666; herimod 666666 661616116366163 31661166666616366; 66 16166611361166666166

6666 1666161 166616666 666 1666616666166 6116611616666. - 111666. 1666111116 ι 66116361.
8666616663 666016. Goooh. 11. 0. 81. S iio-54.

13811. 6616 senonico, 666666 666616 6. ooo-28. ivr. 666. 66166. o.1.o91‚onn.i.71o
20630. 066666 1166616666 6161666 11111661. 6106666666663 om 66 Samiolo meiiem
6666 63 66 witi, 66661 66336 6666 1666611061 66666 1666160136 6611116161661661666, 1661

 

