1788 Kana 1111111111 Τ11111.

1633111· 20913. 11. Fa. 11131 01111113 111 1111111111 11111111 1111111111, 11 111 skal gjnre.

1111111111 81111111 Reda 13 11311111 111 Holmon 13 1111111 13111131111111 11 inven-

11111111. - (l. Novemhr.} 1111. 1 11131111,1111111111 81111111111111 1111111111 8. 149.
111111. 20914. K. 81. 11131 81111113 111 Marcus 11111111, 11 111 1111 31111 Hannibal

senonen 11111 11111111111111111111 13 111111111111 ham 11 inventarium. -·(l. 1111111111
1111. 1 11131111, 0111111118111111111111111 1111111111 S. 149.

1. Novbr- 20915. 11. 111. 11131 13 111113 8111111111 11111111 11 (11111111 11111 Bran,
1111111 1111111311 11 111 1. l. 8111111Ν1. ’208591 31111111 81111111111311. - 011111-
111111, 1. 2. Novembris. 111111.) 1111111111111.

2· Novana 20916. 8111113 111 11 11111131111111111111111111111111111111111311 nm 1111
111111, 111111, (1111111111111 111. -1).2.1111111111. 1113111111111111.·11111111115.111-11.

01111111 011. 111 11131111, 1111111 111 81111111111111 1111111111 S. 108-09, dar 111111 dat 111 ’111111 111
1111111111311.

1. novbr. 14266, 1111111111113111, 011111111111111111118 lan-24. 1111. 11111. 1111111. 1. 11. 11. 614

811111. 1 8111111111 1111111. 111 1. 1111111 0111113111111111111111 100111. 01111111 8. 25-21.

5· Novar. 20911. 11.81.111.’1811111131111111111101111111,11111111181111111,1111111111 ’
ng 11111 811111, 11 11 i Forening 1111 111111111131 81111111110111111311311113111
111111 1111111111 1 11113111 111 11 111111111 111 Konsnmptinnen, saa 111111111111111- ,

113111 1111 blive pnabudt. - Hafa„ 5. Νο111. 1111. 111131111,1111111111811111111111111111111111
S. 111. 811111, 1111111111 11111111111 1111111111 S. 44-45.

20918. 1111. 11131 81111113 111 1111311111 med 11111 811111131111111 111111113-
111111 11111111, nom 11111111 1111 1111111 111 81111111, 11111111111111 111111111 111 111
Renlekamret. - 15. Ν11111.1 1111111131111, 1111111111 81111111111111 1111111111 S. 150. 11311111
8111111311111111113111 111111. 1111. 8111111. S. lna-nl.

20919. Tnos. Gowns 1111111 111 811 11111111 1111111 113111111 111 11111
111111, 1111 111111 81111111111 31111 1111311 1111111111 1111111, 13111111 nu 11111
nm 11 (1111111111 11111111 11. 1111131111 13 111 111111111311811111. -15.Ν1111.1 1111131111.)
Uda. 1. 113. Ι 11111111111111111111111111111111 nn 11111111111111111111118. 191.

20980. 811111111111111111, 31111 ιίΙ 1111111311111111, 01111111113111811111
Vidnesbyrd nm, 11 1111111 111111 1111113 1111111111 111 1111111 111 1111111 ’1111111111
111111113111. - 111111,11.Νου111111,111111111 1111111111.) aynan, 1111111111 1113-*15
(mad 11111 011111. 11111111, 111111. nm 1111111111111111 111. 110.

20981. 11. Fa. lll.'s 81111113 111 1111111181111111 og Hans 811111, 1111 11111111
1111 11111113 13 0111 111111 sanat 1131111111 1111111 1113111111 1111111111111111111

1111111111113111 81111113 paa 1111.-16.Ν1111111.1 1111. 1111311111111111111 5111111111

1111111118111. Samma 1113 1131111 11311111 Brea nm 11111111111311 pu 8111111111 13 1. 1. 111111.
111 111111111111311 11111111. 8111111. 8. 112, 1511.

20982. 1111111111 11131111 11111111111111, 11111 111111131 113 111111111111
3111 1131 111111111111111111 13111111111111111133111. 811111131111 11 111 111111111
111111 hjemfnrlovade. - 16. Novembr.) 1111. Ι 11131111, 1111111 1118111111111111111111111118.152.

20983. 1111131113 111 Ponnn 1111111, 8131111111 1. 1111111111 1313111111 81311,
111 11113111 am 11111 11111111 Ρ111 1111111111111 1111111111111311311111 1111111111-
1113 111 11 Tan, 8111111111 1111 111111111111 i 111111. 165911181111111111 111111111-
1113, 111 311 11111111-8111111111111 811111 1 1111111111 111 11111 11111113 811111. -
1101111113, d. 6. Νο111111111. 111111111111811111.1’.828-29.

 

