1628.
16. 1181111.

29. 1181111.

29. 1181111.

16. Decbr.

1148 Korrc (1888181881 emme.

----———-—-—--——-—-———-——————— -Ἥα--Α-δ--ι--ῌ- -

’13745 [1818811888111118 11.’8 11181 111 11. Philip 111. 8181188188, 111811 181 1118.
11118188, 8111. 81 1188188111 18181188 Fred 818118 8113118 11818188, 818188 1111881 111 11811.
8188811888 83 1811111318 813 111 81118118 888181 8811881 181 1183881888 1188881 83 18111181 181
11888 Fjender. - 26. 1181111. 1111811811 8188111,11811181818 reeb—30 11. 94.

’13743 11. (1811. 11138 Β181 111 1181381 118888118818 1881 01118 111, 81 111818
11881881 8118118 1183118 813 111 Kjebenhevn 181 et 81181338 111 8818 Landsdommcr 1888
bornheim). — 29. 118181. erucae 1 1181. 118811. 8. rr. 11. 188.

’13747 81818111,18888881 138811188188, 311811 818 181881818183 111811818188
om 0118181 11813888 ’183 111 (1111181811, 11118 1818133818 8111188381 pac Proviant ej eilde

18811838 11818. - concon, 9. December. (ltaliensk.) 1113,01811.111111111888118818811.1118
118. 81 11. D. 811188 S. 172. “ .
6944. 111118118881118.ο8181888111113888 1181, 1. 5-14. 1111. 1 (1188118181, 81811388 11181,

88181 (188181 11. 11811 V, 2. eoo-201.
’13748 (1881881811181888188181811118188 11118. Rijckeweert), 1118111188 818-

18181, 81 1181811188181 pre Hert. 811118118818 38181183 13188 81 1118188 11811181 118181-

1181181183, 1888 81 188 88881811818118188118881 skal residere der. - 1111888181). 1Η811881811.1
11118188 88 8881138381. 8181188188 (88.1118811838811111, 2. 239-41,

6946. 11111111( 8881188. 881 81888118 11113888 11181. 1. 14-20, 1111. 1 (1188118118, 81811388 bist.
88181 cucur 11. 11181111, 2. 202,

’13749. 11. (11111. 111. 1188183381 11881188 1111113811 18188 1111 1181 81 8118118
11811111811818818 (1181118118νί8 111 11881 1188 18881111111111118, hvillret 8118111888 8138818
8181 1818 1811818188( 181 11881888 18118111 1111881. - 4. Dec. 1181. 1 11181188, 11111. recten.
881 1181111811818. 64.

’13756 11811118111188111 818118118818 11181 111 (18188188, 1118111188 1118. 188118181
18888, 811188 8138881181 pec 18 188818 11881181 818, 81 81818881811188111838188 8118118

11818 stedi 18111881 1 818181 181 8818 18181188111 1181811813. - 14. December. 17118111
1111. l (1181811, 1181181818 1625-3011, 95.
’13751 11. 18811138 Brev 111(18118181181818Ρ1818888181, 81 1188 1181 11118111881118

11811188 81 118118 81188113 3831818 1 Frue 1111118 1 1118118811818, 11181181 18 8111118 11818

181888818 8181, 811188 ikke 118811811881 1811111118 118381. --8181111181881181118 8. Decembris.
Nyrcp, 1111183 1. 188 1888118 8838881818 11181. 1. 163 (8188 batum: 11888118 1183. 5. 11. 1. 133.
’13752 Den 8188818 118881183 1118811 8111181 111 11. (11181811111811, 81 11818

188818 1181818881118118 811811 (18818 818 81 1838 ‘l'jcnestc 1188 1188388, 1118188188 11818111
83 11111118811811181181881811118118831188881181 18888, 83 Fru christine 1Μ88111 1881-
18118 11881 11881818113118181, 8881188188 8188111131 1888818118 1188388; 11. Chr. 111. 1181

81118181, 81 ben ikke 111 181818 88381181818188. -1711818881, 8812. Dec. (Fransk.)
1118181 83 1111. 181888101818. 1 (1188118181, 81811388 11181. 811181 888181 11. 111811 V, 2. 28-30,

’13753 11. (11111. lV. skriver 11111. 118111. 83 1311888181 11881 1181818183 8111818-
881811188111838188 1881 11881113. - 15.1188. 118118.) 1111811831 118111111111118188811

’13754 81811188 1118881188 388181838183, 111811 1811118. 81111381 Hjaelpescndingen
111 8118181181 81 1188818 111, 8111. 81 1188188111 811818 11118 have 8818381813 8181888 Ρ8118·

8111111111-8188111181111187811,(1.15.118881111)118. 1811111811.) 11111111118881188818818881811113888
11181. Ι. 20-24. 1111 8711811 111818881188181 11811 ΙΙ. 11

’13755 111118 111183 18881111818118811 1138183118811 111838 881 ikke 81
1111818 8811818188 81 bave 18188 11118181 83 bern 18811 18188 11181181. - Kiebenbcffir‚ 1.
16. Decembris, (1111888, 1111811. 881 (188118811183838811 1. 2115.

 

