1660.
16. Martii.

31. 1131111.

31. Martii.

1131113.

1131113-11313.

2. Aprilis.

3. Aprilis.

4. Aprilis.

6. Aprilis.

1. Aprilis.

9. Aprilis.

1766 Koria 13333131 3311113331.

20108. 13311 0313113 3111131 111 313 13131 331 11313331311133111333133ς 13
1133313 33 33331313 13131333103113313133 111 31111113 131, 11131 13133 6333 131 311311.

33 11113 33 1133133 133313 113333. - (6311313131, 1201113113. 1813331.) 3111311331.
31333, 113 13 6311. 11311. 111. 6.
20709. 11131 113 6311131313 01333333, 31 013133101113 33133 313131 an 1133

1111133331131333 31813331-131313313, 11131111 13111131313 133 33 1311313 1111313113 313113-
11333, 13 13113133 31 331 1113131111 1311331033 1 [1131331313 131 31 13133133 33 31131131

Minister 3133 1131311111 111 11331113 med 031311313133 om, 31 33 3113331 1313333131 31

33133313, 11111131 33333131 0313113133 111 31 113 3313331313 [33111311313133. - 10111111.
11131 Udi. i 83113331, 83311133 131013. (133311. 113. Si. S. 1611.
20110. 13111313ῑηί33 111 03133133 113 1131333113 3311331133113331311311313133

131 131 13331383313313331.-1133113,11111110. (Latin.) 1111. 1111111 11131. 1. 33333.

Gom ιχῖ200501. Hert. (13313111111331331 31 6311311)8 5111111151 ffl ΚΜ· ‘³‘ manden-

113131, 111311 han 13331 3131111331 111 13333 333 61331 31 01313133 313, 31 (1.31113331311
vii 31111333 ham 13331131133 31 13 1131331313313 11311313 31131 11313113 ham i ’133-
11133311. -00311 Datum. (Tydsk.) 111313110111133,1311,1.0131131131.1113131031131311111111111,1183.

20112. Hert. (13131113113333313163113111 3111311131 11311. 1310133133113131 111

31 3111113 33 31111313 81333133 mod 1133 hos (1.3( 03313311. -— 0133113133. 1111311
1113131. i 031133, 113111. 0331331311. d. (113131031131111113111111. 1. 1811.

20713. 1133 1313311133 0333311 v. 1131333113 33 0331133133 6331113311 3111113
133131131113133, 31 131 31 33131131 31 33133 33331131133133313113333. - (1311313,
April 12. (Latin.) 1111. 1111111111311. i. 3331311. (13331Ι 11111336.

20114. 1111133 833311 3333331 11. Fr. 111. 331 113303331133 1133 313 1131131331
031333 33 13131 131131 31 1131313 250 1111. - Reman, 3. 13111. (1111331111111311331).

20115. 11311. (1331311111 11333331 31 63113133 1331131 131 3133 (13333113 (i
111311331 331 1303113331331, 3331111113 13 313113 313113131113 med 131133331133.-4.111111.
(Tydsi.) 013111. 33 Udi. i 111311333333111333 1. 33111333-113131-1333311. 6333113311. 1111311131. (1313113113

11 . - .
'2 142 240116. 6311131313 0111333333 811113133, 31 131 13311313 813113 33 03133 3133131-

311313111333 0331131, men 31 113113133 333113 111 13113 3311131332-311331, hvis 11113
Ρ313113133 3131 1333313133 313113 33 Ρ3111131311131; 0313313333 31 813331-Ρ3333313 111
131131113113331333131131131ς 13 8133313 333 (33333131 11113113, 3133313113 1313113113 sig
31131031133111333133 1 11131331313; 111. 3113133 31 133331 3131, 13 hun 313131 1133, 311133
ikke vii 133111333311103113311133313310111313331331133131, 31 131 133 3131 111133 ham

31133 11333311 13133131131 1 13333 1131. - 15. April. 111111113133113331, 313111333311.
633311, 11. 3. Si S. 163-64.

20111. 0131311 111113 81113 1313111131 111 1133333 31 13131331313031333,11113

Kirke 3111311331111111131 1133111133, 1 0111331131 8333. - 1111331313, 1613111. 1111131111.
Sami. 3. 0. 11. 343-44.

20118. 131131313133 113 6313 111 11. 31 8333133 331 13 133 6. April 131 81111
3331331313 113133313111331113331 3311331 1131131311 33 81311333 0311313131333131 1133-
331133333113303113133.-111., 17. 1111. 18113331.) 31133133. i 1131. 31311. 311. 111. 133-33.

20119. 10113313331333131331 81331 01133, 0331113 0331333 33 01333 111131
1131313 01311331333131 033311 (1313311333 31 31131313 113313113133 1 0311131133 100 111.
013, 3331131 133133. - 013333, 1. 9. Aprilis. 11313311.13333313313111.131.

 

