Kotto 6116161111 6611 6111161. 1377

66 Titler, 66166166 66111 61 1166161666 16666; 666116616 6611666 66611161, 816116 11161361
11611. 6111616166. — 8166116111, 6. 9. 11611. 18166611 elmon, 1161 1111111111 6161166166 ott
161166 0166666166 l, 1. 3-8.

’16386. tt. 111111. 1. 66666111. Chr. tv. 66 1661661666, 6616 6161 1161661166 For· 10. 11111-
116166666 061111163 1 663166616111616 6611666 61611666 11666. - 111611, 10 May. (Franci.)
661 6. 11631 1166161, Third 11666118. ott.

’16381 16616616661161666666666111618166661666166,661666666816166616616, 11· 11111-
66 66661116611166 1666116616 666 66 6661661661 Germanicam 6663166666 curandam scribit.
— 6611911, d. 11. Μ811. 111 1111611161. sami. 111. 211-16.

’16888 Possim« 1 66161116 givet Bispen i Ribc 1661113616 06116616661 661 1611111.
Botion 1066166116 1666· 1 11666 8636 63 666661 ham 66 1636166 61 66 1 863661
16616666 66666166. - 12. 6161. 8666168161 2111111848.

66389. 1611111166 1111166 1161116166 Iohanni vossio nuntiat, 66 inscripto suo 15. 11111·
partem 66666616 66161666 6166161 invidiam contra 66 excitatam 61 accusationes, quod

666116 16116666 616166 616111116616 nobilitatis dixisset. - Soroe, 16. 1161. 8611116161111
Epistola 11. 262-83.

’16390 11. 61111. 11. 16111661 6611161 ct· og 1116166661 6661 63 6116 66616 1 111111-
6161666616 61 botro 66 8166661 66 616116 8616 666 10 8666166611. ·— 111. 111611 tatano,
11111166. 0611616116161161611161.11. 161.

’16891 066 666611666616 66616661 1 66611611 61111 1111 661616 116666161 1111111·
666616161616166, 11166 1166 1161 6666661 1 61661616666116361 6166 1166366 63 666616166
661 1661616166 1166361136 8111161661 61 6616; 1166666161 116 11111661, 6161666 63 066113
11636 6161 8666161616166161661; 66 66661 016661166666111666616 66661661 om 1111666166
111 666661661611616361; to 61616Ρ161661661616616 udi 0163666; 1113666666 61 66666
6661161; 6666666 66116166 66316 6666616116661 1 866661. - 666666166611, 611661.
1601186681.) 11166111 166 1161 histor. 666666616616011661111. 86116 11. 16613. 8. 391-401,

8733. Exemplum 6116161661 Bi. Α. 2. 16116 6311166611 ttcgoctottons 66616166 6611666161 61 2611611.
consisting 1. 128-31.

’16392 6611161611 0161111, 8636661661 iFrougdc, 606636111666611116 661 Μ6116 6611111.
16661666 1 1166666, 661616611636116161 6163666 1666 81366166 6611666166 116666 6161
1166666161 63 61163. -it 20. Μ61. 111 1111611111. sami. 1228.

’16.393 11. 61111. 1116 66161163 111 8161661661 661616 011616 om {ndiiyttcison 61 11. 11111.
11666 166661136 81631616366 1131 666 61666316161661 1166111166 1161111116.- 1166611611-

0616, 11. 21. 111811. 661 1 816636, 6111161. 1136 11161. 81139-10. 1161. 1 Fotis, 6111161 111 6161-
1666181.

8736. 1616661616. 116 Gchctmcarch. itt, Titi. 8. 113-14. 2111111.

’16391 11. 61111. 111116161616163616111611116 63 66666 16636 61 6666161136, 616 26. 11111.
61661666 6666 66111616 1161116 666 616161136616 16666 1161111166 66166 16 1661, 66 66
11616 116161 1666 61 31616 116 6166 11161611661616, 63 6661116 Ed skuldo 616166 1666 1116-
dttrsmaettds Maend. - 26. Maj. 11161666, 11161. 1111611. 661 11611 1161166 8. 112.

’16391 11. 61111. 111. 11616161 1666666666 6666 01111 61 66666, 61 1116616166 1 2611111·

1161616361 6161116166 666 131. 6666161166 6124. 11161 6. A. - 28. Μ611. 111116116661616.
116 666616661611, 61, 161. 8. 114.

’16896 811116166 116 J. v. 1166111 1861161161 hos 666 666611666616 66616661 1 661116,
116611161611666111861116666111, 111611 1166 66116161 661 161661666666 6111166 61611661 11116-

 

