1654.
1313 11311113.

1. 1311113.

’1. 1311113.

11. 1311113.

11. 1311113.

17.-21. 1311113.

20. 1311113.

27. 1311113.

27. Aprilis.

30. 1311113.

1606 Rom mmmm 3311 1113313.

’18922 1133311111 113 3311131311 1311 91331333131111 1. 1331333311 111 13 333
1133113333 1 1133311313 1113131311313313 3133113-113131333113 8131331133, (1131313311111131311311,

111311 1133 1113331 313113131311 1 11333 1331131 333 03113133 113111. - 11133 03133. 1131311
11111131 11131133. 11311. 1 113313331111. 1. 1113131031131311313111111. 111. 202.

*18928 11333131133 31813333131111111331333 1 1133333111,111311333 11331131
31 113313 0311333133133 131 1313333133 31 0313333; 3313313 0311331333 31113133 33
33333333313133, 1111133333 111 0131113133 131 1133313333 31 13 31331131131111133311
11333113 9131331, 33 33 de 33131333131133133331 31 13 3133313 831131331133333333; 113
33313133133113 113113331 3313 31113131 3131111133 111931311333181311313313333133; 3311111313

1111313133 131313311133 3331313331 33131313333133311319111313. - 3133111313, 1. 113111. 1131311
011 1 1111133133. 1. 9331333111.1111313103113131111311111. 111. 200-02. ·

28924. 811113133113133 3313113313113 0333311 1 Paris 33131131. 111133 113 Wiu,
111111133 1133 111. 3. 1311131131, 31 1313331 131 3113311133 113313, 31 13 3313113313113 Ge-
31131131 1133133113131333101113 111 11313113 3131131 3113113313 Forhandlingerne 33 113

1 83313133313313313 811113. - 1131131111, 13 11. 11111. 1931133131.) 1331131311. 11311133
311133331311333 131333 13 911111. 191-96.

*18923 11. 111. 11133 33 1131111133311111111.310311313311131, 3131131 131 333
1131 3113333313113131331131133133133133381331131 31 13111313 313 13111311133 111 33 1331133,
131 skal 1131133 1. 1113] 1113333313, 13 3131111133 31 11111313131131 111113 1131113 31131
Μ313 111 1133 31131 313113133 1331133. - Somou 1133111113, d. 9. Aprilis. 11311311.)

831111. 31 11313113.

’18923 11. 111. 111. 311319313181311133 1313331 1333313133 333 0313313333133
1 3133133313 131 20 Α31. - 111. 13111). 11111111131111311131311111211.

’18921 11. Frr. 111.113131311.33333311333 1111313333133, 1131311131313 3311133-
11313 Len 31 11113133 113131113133313133 131333 13311331 331 dem, der 3131333313 113113
13131 1 1111133. - 111. April.) 11111 11113311. 1311131111 111. 116-11.

’18923 1133 331133333313111 1133331333 01311113 33 91313131 113131 33131-
333331313111313311313333131113311313, 111311 111. 3. 3313133, 31 Hert. Christian Ludwig
31 1133331311 Forhindelse 331 8311113113 33 11313133 113113 3313113111333113333 1 813113
111313133313 311 11331133331 111 1131131131. - 1131111313, 17.-25.13111. 11313111 111111

11331131, (133311. 1. 1133331313. 913333333313 1. 115.
’18929 Μ33. 1311. 1311311113 31111131 111111.133311131333133 1113311313 313 33

813133, 13333 1131 1111 31, 33 33131113111331111111331 1313 3133 1331131 1133311 131

11333113 1313.- 1133111113, 20. April. 1Τ311311.) 9131311 111-1131133331,03301131131113113133
0331133331 S. 122-24.

*18930 1111311133 33131133 111Μ33333 11333 31 31311333 13111313, 1131131113 1.
3333333313 331111113 113113 3113131. - 21. 113111. 1111. 1311113111 1111111, 1131 13113 s. 16.

*18931. 1313111113 11113311 31 Ν1331333 33133133 33131313, 13 333 commemorat,
33 31111133 331313 3311133 redituris libros quosdam 3333131333, 31 flamia eos 13 5133133
3331113111. - Patami, vll. MaJi. Burmannus, Sylloge epistolarum V. 465-66.

*18932 1131. 33 1133133313 113133 Ρ1333311133 111 1133113333 1 1133311313, 31311
331311133 111 31 33313 [1333131313 11111311133 1111333311133 33 03133333131113333133;
1311113333 331 93131133 31333313333131 33 3113 1313133313 3333133333333 1331331133;
33 13 31333113 83113133113333333331311313331133111313 1 11131; 3311111313 313133 333 131-

313311133 8331333331 33 13131333313331 131 Privato. - 1113331313, 30113111. (1311311
011 1 1111333, 113131. 1113113311111. 1113131031131111111111111. 1. 89. 111. Μ-03

 

