11313 1113131111 311 1131131. 1261

*150111 131113331111111111. 3103113111 3111311131 Hert. 13331113 Ernst 3111333 111 111 ffi

3133313 33 13131133311331 111 13 1112. Juni 1331111113 13113311133311 11311133 3133333313
1313131333 3111313333 331133 03333113 111333 33 [1311331333333. - 11311311, 14. 1131.
111111.) 1111 1 1131133, verz. d. 1331331111. d. 11313113113131111111111. 1. 10.

*15011 11. 01111. IV. 131311131111313111111. 3111311313 33 3111133131111333 den 16. mlh
113333, rom 13133113νί33, Borger inobenhavn, 13131 331 sin 8131333 Paul Puls's

13113311311331113131133131131 3330311311. - Caperlatam, (Mai 161. 111131.) 1111311111
1 zeitschr. d. 0313113311. 1. 8311313.-113131.-133331, 1131311111, 1133311. S. 37-38.

*15015. Hert. 1331311 1111313111 31 1133113313133 1133113131133 33 1131313113- 1111111·
113333 31 8111131 8311113113, 1111311111. 3. 3313133, 31 Hert. 31 1111311331 131313331133 31-
1313 Η311. 01111 31 8133113-11313133 81111313 031331 33 13113131 33 1313111 133 33133
31131 113133 331133 13133133 33 11. 31 11333311. -831133113, 18131133131133133 May.
(111311 Jahrb. 1. 3311331313113113 1133311. n. 1131113331. 111111. 159-63.

’15010 033 1133313 11333311 1333313333 8111113133 111 8131333113131311 Bou· 19. 1133,
11111131, 111311 133 33113131, 3111331331311113311311 33133 ikke 31 1131313313133 813131
11111. 111 1133111311. - 111331313111101113 Mai. (Fransk.) 13111311113313313133331113111315-20.

’15011 113133 11133 1113113331 3111131 111 133313101311113, at 11311 131331 111 11111311-
1331331 331313131 33 131 skal 31313 311 1131313 111 31133 133 nye 133313 1111131 33131,

111313113311333201133313131 31 133 111 ham 1 1111131133. -0113313, 2. 13133133.
1113131 113111131111. 8331. Vl. 457.
*15018. (Den 1133313 6333311113331111113’31 1131313133 33 131133111333133 333 29. ⁸³1¹-

11331131131133133131, 1113131131 133 313331311331333131 1313131133 131 33313113313113

111 31 31311313 313 31333 13113311133333 331 11. 31 11333311. - 8. 1331. 1113331.)
1311131 13 3313311 13 1333311131 11. 311-38.
*15019. 110113. 1111313133 111 1131311333 1 1333 33 311133311113Ρ1313133 33113,

1 1333 11113133 111 83313331 111 0311313113131, 131 31 133 133 111113 133113313131 331 31
, 1111311311, 131 har 311331 133 131 31 have 11333331 1131313331, 331333 133 3131313131
¹ Kjobenhavn. -81011Κ13031111111711, 0. 30. Maji 1331131133.5.11.1.218,
*15020. 11. (1113. lV. 13131310311313113131, 31131133131313131131 313133133333 331113,
133 331 lens 13333311131133, 8333331331 i 83313331, 1133311113 1133131131333313133
313113 1111131133. - stou Kiobenlrallrr, 1. 30. Maji. 1333131133.1.11.1.118-19.
*15021. 1311111113 8311113133, 1133131 8313133 831333 133131, rectori 31 profes· 313111.
’ roribus universitatis 3133313033333111111313113103113133113, 3 33 nuper 331331, mittit.
— 83131, ad diem V. lunii. 131131133111. 1219-20.
*11021 11311333 33133113333113331 0313313113131 311113 1113311). 81133111 Urna 3 Junrr
1113313333311 33 11333 3131, 31 han ulovlig 131 131313331 13313133 13303113131131313
¹ Tjerrer Peder 13133333 1 11313133 33 133 33113 1133131 3333331313. - 1111131333,
1. lunii. 1133113 1133. 5. R. Ι. 220.
*15023. Pr. 11131113 131 0311333331) 131131313133 111 11. 31 8333133 333333313 3, Junrr.
133133133311331113313111311 111 11333133, 1 11311133 133 11333111131131131333 ved 31
, 13111331 331133 8333133 33 11331331, 11111131 13 3333311. 310333311113113 3313333.
3 -118.111111.1 11111331.) 33331331133113313311 11331113113111131311133 196-18.
*15021 133111 11333111 3113133333 Μ3313133 epistola, 13 qua commemorat, 313111.
Elzeviriorum 333133333331331313113113 in 033133 profectum 3333. - 1331. Β, 11111.
«1111111 die. 1331111 03313 111. 116-17.

1 1131111311. 11. sa. 11. 119

 

