1658.
99. 11111.

w. 111111.

5. 11111.

1690 Kone 11111111 111 111111.

’19871 11111. 1191111111111 111111111101111111111111111, 11 111 111 efferet,
1111. 11811111 1 111111 11111 111 1111111 op 111 1111111111 111 11 111 mod erandenbueg. -

601111 1181, 29. luni. (Tydsk.) 111111111111.101111.11.11111.11111111111111’11111111111111111111-
1111 1111, 319.

’ *19871 K. 111111111111111111111111 11111 811111, 11 1111111111111111111 Fre-
11111 111 1111111111 111 11 vere 01111111111117111111, 1111 11111111111111 111 11113111
Livregiment. — 30. luni. 111111111111,1111111.111111 111. 11111111 111 111111 S. 9-3.

*19871 1111111 9111111111111 11 11111 11111111 11. 11111 X. 011111 111 hans
flensigt 11 1111111 11 [1111111111 1 811111 og 1111111111 11. 1., 11 det 11111111 11111111 de
Studerende 11 11111 11111111111111 1111111111; 111 11111111 sig skristlig Stadfoestelse
1111113111111111 111, 11 de 8111111111, som, skjendt ikke 111111811111, men i de
111111 1111111 9111111111, 1111 11111111111111 [iungens 011111111111, maa forfremmes 111
111111- og skolehestininger. - lund, 5. julii. 1111111111111111111111111871 1131-37.

’19871 111111 11111111 1111111111 111 911111, 11 (11111111111 1111111111 1111-
111111 og 111111110111111 11111 1381131111111, men 11111111 11 111 11111 som 1 December
1111111- 60110111, d. 5. lulli. (Svensk.) 111111111911111111111,011101111111111111.223-11.

119875. 11. 111. 111. 11111111 [1111111111111 11111111 11 1111111111 3111111111111 11
1111111111 11111111111111, 11111111131111111 de 11 71111111111 1111111111 0111111111, eom
81111111111111111 111 1111 1111. - 6. 111111. 111111111111111111150.

12682. 1111111111, 111111, 11111111111111111111 S. 1066-67.

*19871 0111111 111111 9111111111111 1111111111 11. 1111110111111, 11 111 111 1111111111
111111111113 111 11 111111 [1111111111 11 det 11111Μ11111111, eom er 11111111 1111111111,
rede til 11 11111 111Ρο1111111 111 der 11 bruges 11111111171111111. 1111111 11111111
1111111 1111111 og 111111 1111 11111111 11111, 1111 1111 11111111 61111111 1111 111111 ede.

1110111111111111111111111111-111111,(17.11111. (811111.) 111111. 11111111. 11111.
mlx 41’519877 11. 1111111 0111111911111111111011111111111111, 1111111111111111 de

11111111 111111111111111111111111 11111191111111111111111111 111 111111171111111111 111
1111111 1 811111. - 81111. 1811111.) eruent. 18111111111111181111111111111868-69811-91

*19878. 1111111111. 01111111 811111111 1110111111 0111 81111111, 611111111111111
1811111, 11111 111 11111111 111 111111111111111 11 1111111 1111111111 0111111111 111 11111111 111
den 11111111111111 1111111 111 811 111 0111111111 11 1111117111111111. - (11111111, 8111111.
(Svensk.) Udt. og 8111111 1 11111111. 71111111. 111, 111-19. 11111. og 11111111. 1 1111111111, sunus 1111111111
11111111 11. 39·40.

’19879 11111. 1181111111111 11111111111111 0111111111 1111 711111111111, 11
111 1111111111,111111 1111111111 vil 11111111 111 11111111 111 11 11111111 flevelberg.
-6111111 a. Sp„ 9. Juli. (Tydsk.) 1111. og 11111111 1 1111 1. 1111111 1011111. (1111111111111111
wilhelm 111 111111111111 11111. 514.

’19880 8111111111111111.111111111111111111111 og 111 11111111111111-
11111111. 111111113111111111. 1.11.11111111111 11111. -1111111, le 1911111111. (1111111
11111, 1111111111 Belem-Archiv 1111. 7. Pare 11111. 1111. z. 1. Forte. d. 1. 0111. 9. eae-90.

*19881. 11. Fe. 11131 11111111 111011111111111111111, 11111 1111 1111111 sig, 111 11111-

1111111 1111111111 Melle uden Skade 111 1111111111 1111111111.- Hafm'oe, 11. 10111111.
1111111111. 11011111111111. Vl, Tul. 128.

 

