1000 0001111111 0011 1111000. 915

——....—-..-..— -.Μ

1615· 1011.

’11021 K. 000. 111. 10101010101110030 111011010101010110101011011101330011 03 100110,
,11100111101000 1011100111 Fru 001110 8111010, Fraus Ρο0111 000110101110, 10 1100300 med

Forundring 101 0110101, 01 1001 101110 00101103 101010 1110 0111011311011. - 10111.
1111. 1 010110 80101. 2. R. 11. 12.

’110111 1011101 101 10 111 100110300 1 0101 1. 18. 100011 1615 0001113010001018110011.
11130130 03 1011030030 0000101010, 1110101101101011100010100 skal 00300 00110000100

11100111001101310110300 00110103 01 40000 011, 00 1001013111 01 100 10011010 Pen-

1113111101 010 01031103 01 1100300 03 001111300 1101010103 011011011011130 00110001

1001101101 1303101 5131010. - 0100 Datum. (Tydsk.) 0111011111111100, verz. 1.
0111111110. 1. 1110101 0011111111111111. 11. 327.
’11οΞ10. 01111001 000 00301101 0111110001101 101300 00101011101 1111101101 1 10110011

1101011111013 03 01001013 1011. —- 118. 1001 1111. 11111111111111011 111221.

’11021 1111011103 01 101 1111110·11001111110 010010- 03 11001110 0001001- 20111111.
103001 11101, 0010113 003. 0010100 1 1110100110 sager mod 1101130, 1030010001, 10011011-
0110103001 0011011103, 0010110300 01 00 8101101011οοοο 01 20000 0111. 10101 0031011οη

01100 10011010 10001031 113111. - 11101, 20100. (13111.) 11111011001011,0111101011.
1. 1110101 0011011111111111. 111. 66.
’11020 0010000 011010030113003110110301130 111001103011010100 0011110, 25- 110001.

111. 1100. 101101 03 Dr. 00000 0011100110 om 10 000100110300110011000011615
10110 1011001110301 003. 0010000100 01 10 1610 10103010 40000 010, 0011. 0001 d„
1031118113,10.111.-801110111113,2011111. (Tydsk.) 1101100,11011.10001101111111110101001-

1011001111. ΙΙ. 308-31.
’11020 0101001 10111111 1101111 01 00300010 010111110 epistola, 10 qua colloquium 31- 110001.

(1111030010 10100011 0 10100, 11011101 01010011, 10100011 01001010 cum Paulo 00110-
10130 01 0001100 Sylvaeducensi pastoribus et illorum 0 10300 000110 ejectionem 0001010-
morat. - X. Febr. 001. 1010, 110111 1101110110 S. 53-79.
’11030 11. 000111. 1010101001110100110110011 03 10011110101101.0001- 21111.
00130111, 10011100001 pua bolland 0310111111, at 10113030 0030101 001110 10011011 0011

10010030100301111103011, 1111010010 (11111100 000100 t. 0011030011. -- 2. 00111101.

111 111011 0011001100, 1111110 001101 S. 201,
’11031 11111011. 0100310011 11101101 1010010111011101101 0001001 800- 31111-

0011011111. af Danmark. - Newmarlcec, 3. Febr. (1111111.) 011000311100103,8000011000011
S. 11 10111. 1011011101101013. 100. 8101111. S. 11.
’11032Ι Pas 01111011 01 001101 0111101 t. 0000001010, 81011. 1 111110, 101 9. Febr.

0101110001οη 00111110 000 100100]10’110111110.111001300. —— Kblwn., 9. 1010101.

111 1111101111. 800113. 0. 1. 480. .
’11031 100111οΛ101 1 01110101 1111110101 01110 01011 1, 011100 00 11011 000 111111,

11101100111111030011 10110300 111 0011110110 01 01 0101101101 101 ham 03 hans 111101·
1010111010. - 14. Febr. 1101111. 180011.113111011103100031. 111. 313.

’11031 1111010 0011101101111 0111111111 110101100010100101 10110, 10 quibus 22. Febr.
110 10301, 01101100 1011011 volumina 01 10 transmittat 01000 0011000100 volumina, jam
accepta, rursus recipiat, quia juventus 1100100 11031110 0010100100 010111 perita sit. -
011Ῑο110, 22. Febr. 11011001, 111101. 0011. 0111, 111101. 03 01010 S. 650-01.

 

