1627.
kk kprkks.

19. Aprilis.

20. 1011111.

20. Aprilis.

23. 1011110.

28. 1011111.

1104 00110 (1101111100 0011 0101100.

’13221 1100111011 1111000011οτ1) 811110110111 (P. 011011,110111000010101 110
0001131 01 111110 111 0001013 01101 1111111111101. - Desen 28. Aprilis. 1001100111.)
0110100 00 0001130301. 81011100 100 10101011031011111, 1. 216-83.

*132211 Κ. 1101111131 0111 111 Κ. 00111. 001 11111110 010311 0111 101011111011110-
1131 10101 1100001, 101101 000110010111101300, 03 10111103 01001011101113 8030111103,
1111 ikke 1010 80001001110301 0110111 1011011111. - 0011111011, 19. Aprilis. 110110.)
1111. p. 1103. l 000101, ’11111 11011011 S. 68.

*13229. Κ. Κ1101.’1 11101 111, Κ. 1311111. 001001 ’1111011113101 111011011101110

Κ11300 0101 003103 10110 00, 01100 11110011 00101110110111 01 1111000103 Pange. -
Westmt‘nster, 20. April. (Latin.) 11111. p. 003. 11110103, Third 11000118. 49.

*13230. 0011010001100010101011110.011111, 11011100 0110101, 01 Κ. 11
11031001 101 31011011, 1101 100 kunde, 101 01 110110 110 101101 803 111 Morgana Korps,
111 11111101 101 00 skal 100101 101110110103, 03 10110101111100 01 101110101, som 01
1011013001Κο 111Κ.ί)11.111.’1000113111. - 2010111. 11100111.) 11110013. 11110111,
800001 1100011 S. 00-51.

’13231 00011. lv.'s og Hert. 1110001111 0100110111 0011000111, 1101111 10 10-
1010, 01 101101 01 0110011 100 1100010 Κ11311010 skal 01101101 010ὶο101130 0010103οἰ
00110310000100 1. 20, 30. 03 31. Maj. - 81111011 00110111, am 21. Aprilis. 1131111
80111. 0111010110.

’13232 Κ. Can. lV.‘s 00101103 111 101300 81101, Κο. 0111001110101 03 110000
111111 01 0010110311 81101000 1 101101300111, 81001011013 03 8111010131.οο 03 011110,
110100311100 110 111 8010010110110 110111001010 110, 111111 1101100011, 1101 00030 101
1111 1110100010 skal kjore 03111 1111110111. - 001111, 23. April. 1111. 1 11011111,11111111111
1011. 101100 11. 53. Ι

*13233 00 100001100111011011101111010100101100, 11011 110311 over 1100301 paa
Κ1131ιο0101101 0300011101; 1101101 101 11111 1010 0001131 01 0110130 Κ. 01 1100001111
10111011. - 23. April. (Tydskk 1110101.111001,00010001310011010111110002.

6683. Both, kjobenhnvn 8. 219-20.

*13231 001000111101101 1011101 101 0110110011111 1101001101, 100110 101011
31000101 0101001 111 000113 10101 00111100110 med 11101100, 10110 03 811113003000011

00010111011101011000011111001301. -01001111003, 1Μο11. 1000001111 1000001110
0ΜΩ.Η,112327334111101. 01 11111111 1111101 111 Κο11. 0011011100 01001110 03 11101101 01

1101101101 001 00000111 03 0010010111111001 001 walkenstein. - 011101. 11111111
0101011, 0111101010 1621-301. 238-39.
’13230 Κο11. 1110111010 010010101 0101 111110 0010011110101111100, 11011

100 101110101 Γ1111111 00110100, 100 walkenstein 10110 101111, 03 10011101 111, athan 101
0010111 03 11111111 1311110113 110011 Κ. 01 00000111 0010101031. - 6. 001. 1111111
010111. 1 0101011, 1101111010 1625-301. 213-15.

’13231 0011. 10011 1111010111 01 0000101013 110101 8110011001-110010111100,
10010110 1103010101 de 100110 80110101, 10110111011101101011 000 10111 001101, 01

11 00 101 1101110 Delon vare 10110 bort 03 101111 1031101 113 11101001001013.-21.10111.
1111 03 010111. 1101111. 1. 1001110011. (10101. kk 132.

’13230 000 10101110 0010011 1 Wien 10011011 11111101 111 Κο11.Μο110111100, 01

100 1011010101101110110011010, 0111113 01100 ikke 11110 110001 mode 0010001001111 001,

 

