1620.
’1. Man.

9. 11111.

10. 11111.

11. 1111.

958 11111 0111111111 111 111111.

> ’11542 11. Gna. lv. 111111111 111 811 1111111 (11111111, 11311111 (1111111 1 11111111,
sit Sendebud Hadr. 81111111 1111101181 111111. - 7. May. (Latin.) [111. p. 1113. 11111111,811111
1111111818.

’11541 11. (111. 11. 1111111111 11. 111111 1. 1111131111, 11 111 1111111111311811
111111111111111111111111111111111113111113311111. - 9. May. (Latin.) 11111.
[113. 1 1111111, 811111 1111111 S. 38. ·

’11541 (1111111111 1111111111111111111111 1111111111 epistola, in 1111111-
memorat, heri 11111111111111 armatas ex 11111111111111, Η1111111311111111 1111111111
1111111111111. - 1111111191, Χ. 1111111111. 11111111 0111111317.

’11541 811111111 111 1111111 1111 11111111, 11111111111 11111111 hos 111111-
11111111, 111 (111111111111111, 111111 111 111111111,,111ο 111111 811111 1111131111111 11-
111 111311111111111 1111111111, 13 1111111131111 1111 1111111113 have 11111 1111111111
111 1111111111111, som 113 111 111111 dem 1111131. - 1111111. 1111111111.) 11111111
1111101111. 1 111111, Studien 11111. 11111111111111111 d. 11111111. 11111111 S. 22-23.

’11541 11. (1111. 111. 11111111 1111111 1111111111 at 111111 111111111111111 Ρ11-

. 11113111 13 11331 11111111131 11311111 111 11111 1111111131111. - Crempe, 111. Μ11.)

13. 11111.

11. 11111.

11. 11111.

21. 11111.

1111 311111.

(Tydsk.) 1111.1111111111.1. 81111111.-111111.;1.11111. (111111. vm, 1111111111. 8.100.

*11547. (11111 111111111111111, 8131111111 111 811111 13 1111111131 81311 13
Ρ111111 1111111111 1111111, 111111111111111111 111, 11111 813111111111 1 1111111111 13
han 1111 1111111311 113 111 11 111111111 1111111 11111111111131111111111111, 13 111
1111111111 han har 111111 sig. —- Hasnioe, 12. Maji. 1111111111.1111111398-401,

’11548. Hert. 1111111111111111 1111111111 1111111111, 11 111 11 1111111 1101111111-
111111 1116111611111111 111 111 religiose 8111311111 1 111111113 11 Ρ111111 af Wales's
paataenkte (1111111111. - Low„ 12. May. (Latin.) [111.1.Ε13.11111111, 8111111111118. 46.

’11519Ι 0111 1111111111 1. 8111111131111111111111. 11111111, 11111111, 11-
11111 1111111113111, 11111 111111111111111111111111111 1311111 1111111, 11111 11 11111
1113113 11111113 have 1111111111111 1111111131 31111 1111111111 13 1111111111. - 11111111-
1111, d. 13. Maji. 1111111111111.11191-411,

’11551 111111111111 11111111, 11 han har gjort sig skyldig 111111111113 1
1111111111 111 1111111111, 11111111 1111 heder 111113111111 11113111. - 1111111111, 1.
13. Maji. 111 1111111111. 81111. 11. 400-402

’11551 11. 011. 111. 1111311111 111 1111111111111111, 11111111 1181111111113

1111111111311111 1111111111111111. - 1111111, 11111. 1111111 111111. 1311111
0111111111111. 1. 11111111.-11111.-111111. (1111111111. 11, 2 8. 111.

’11552 11111111111111111111811111111 111 1111111111811311, 1111111 111
11111111 stet, hvori han 11111111, 11 (111111111111111 1111111111 med 1111 Ρ11111 11111111-

delser med Danmark. - 21. May. (Hollandsk.) Brieven 11 1111131311. 8111111 111 soh.
1111113111111,1. 8. 136-41.

11553. 11., 1111. 111 13 11111. 1111111111 11 11111111 11111 1111111111, 1111111·-
11111, 111311113111111111133111181111131311111111, 11111 1111113111, 1111111111
1111 1111111 11 »11111111-(111111111 111 11111 111111 11111111111111111111111131111111113
1111111111 1111131111, 1. 3. 11111 1111111113. - 24. 11111. 1Τ11111 1111111 1111111111.

’11551 Κ. (111. lV.’s 1111111111 med 11111111111111111 1111111111 111 0111111111

111111111111111111 111 1111311111 11111111. - 11111 Datum. 1111111111111113
1. 11111111 11111. S. 10.

 

