6616 61661111 6611 Τ11616.

16564665. ἦ 16661666.

*18400 6611631666616, hvad 6616166666661616166 116666 616666161161, 6616

161616 16316 111 8166611666 [1113616111 1 6166, 661 63 61161 8111661616 116. 11161, 61161161-
1116361663. 11166. 11. 86161. S. 8-18.

1661. 1651.

*18401 661. 6311116616161 6666116161, hvorved 66 1666663 661661161666 14161111.

til 11161 (1. 16. 16111161. - 141611. 1Τ106111 [161.11111166,1611.666666661111661616101116161·
1161111101. 111. 173 11111, 1. 85).

’18408 661.63111166611611666611166 111 16666636616161, 6161166Ρ16161611616411111.
og Ridderskab 66616111 6111616166 111 61 6611136 Ρ6636 111 86166161666 066616616 63 111

111116 61 61111661311681166116-18166. (1366111 1161. 1111161,161. 6.1161161661111.11.
1116161 [11116111161661111. 111. 173 0111. 1. 85).

418408. 6666161161618161611111-11111166161116111, 6161166 66 6666 613 11111111.

fritagne 161 1611661 016616616 618616616116.-17.166. 1716611 1161. 1116661, 161. d.
6616666611. d. 1116161 [1111616111166161. 111. 171.

’18410 8111116166 [1611111116 6161611116 1136111 16166 6616616613616 6611113611 1616116111661.
111 Hert. 16666111 111661 618166113 63 6616161, 61611 661 66161161, 61666 6666116 6666161
Christian [16111666 61616161 66661161 111 61616, og 61666361 6616666661 6616161666616-
1611661616616166; 161661611136166 611 1161166613 63 oldenburg 63 06666666161 1161666

hemmeh'go. - Wien, 2811111161. 1111111111 1161. 63 6111661. 1 1161661661, 1116 0166666131 n. 11166-
666611361616616616666661 sennenn-flantem 8. 86.

’18411 811116166 116 [1116161161 01111, 1666116. pan 0163666161, 111611 661 22. 1161161.
11616161, 61 661 161 3661, 61 ingen 616166616 [161661661116116111166 1111116116 613, 66
man 6661611666166 mange nde 066166, 6116166111 611 06161666661 »er 666 116361 6611

16166166616163116611, 63113666 61 116361 611616. -11. 22. lan. 6111161. 1 11111 1161111.
61111527.

10675. 86111. 1111616161. 1. Febr.
*18412 Pnnnns 8161111116 666661 6611 [1611611 1 661 6166666116 16111161 Biskop 61611.
8166111616 1 Christiania 1011661661661111666 161661666666 6631616161611611611, 6111116666
66661 1116166661 611 61 11666616 111 6666 1 8111161, 6616 666 anser for 11616136 111 ,
1116316161316661. - 661616,666166661. 1161111 66111111161161661116.111181.
10676. 861111. af 1616161. 1111666661, 6111611611 1161166063 6116661166 1616616 63 81111113 S. 1-2. 6. Febr-
·18413. 11. 111 8111111116 0666666 til Gesnndten i anbenhavn 6161 1166611666 101111·
663666166 66 31616661 661 6616116 66616661 1 11166116 1661616161 1116636163 om, 61 de
11616116 111666 Τ1116166 1166116 1166 flamme Begnnstigelser 6611 6666666116, 61111161 61-
61666. - 20· Febr. (Spansk.) 116163111611616. 06161116131166161[1611616116661166611666892. ¹
’18411 1611111116 11166166 6166166 Heinsio 1616 6166611 1111616116 ex [16116 6116- 13. Febr·
1111. ·- Patavii, VH. 1161111611. Burmannus, 811163666161611111111.452.
’18416 11. 11. 111. 6616161 1616661661 og Biskoppen 611666 alle 8161666666 1166, 14. Febr.
616661661616, 6611 6316 at lade 611 61661661611166666116, 616166166611116 613 111 Examen
otte 11636 61161 1666116, oller 61161 861. Michaelis. - 14. 1661661. none. 1666161161. 663.

 

