115115 85555511 51111 151515. 1555

mmm——

’18331 11. Fu. 111. 111151511555 85151555, 8351. 1151155, 1 15 3 555115135515 1511551111.

1151511515 111 151 8151 53 1511151151153, 555 1111151 51 15151515 155 555 55113 551 1111
ved 511 1115111551. - D. 19. Juni. Udt. 1 1511 8555155555, 115555 8511518. 367.

’18338 8555151185555155585513551155 555, 5151 555 55511Ν5135, 55511 For· 124- 111111.

1151153 51, 515115155 555 551 5515151 515 8511555. -— 0155 Datum. 55551151, Hannibal
8511551511 11. 356-68,1111. 1. 167.
10587. 85555, 8555115115 samsone S. 72-73. 2815511.

10591. 81511351 8115151555 555 11515 81111535-815151511 11456-61. 6. 111111.

’18338 11. 811. 111.’5 53 8511. 8115555111 111. 5105115155 8515115153, 5151151 151 8. suni.
sorbydes at 5515515 mere 551 55551 500 8111. 555 551151555515 8531515155, naar det
1511 55153155, 51 5555 815115155515551 ej 515 11151151151135 111 51 151115 11151115151555
1011115351. — Veste 61051111αά1, d. 8. Julii. (Tydsk.) 85111. 51 11515115.

10593. 851111. t. lydsk 8151. 53 155531. 1132-33. 10. 15111.

’18340 11. 15. 111.’5 85151153 111 85151555 51511151 851151515111515551 51 1515· 12111111.
1535 55 8115151511 med 151 515 8115 1815151111. - 121511. 1111151315, 51555515511155
15 1155511515 S. 39.

’18341 8111151153 51 8155551155 111 1555515115 1 8511555555 5535115515 Be· 12. sulii.
villinger 111 85155515555, 85115151555 5115115155, 01311151 111 1511551111515 11555515 85111- 120· lunii.)

5153 51 Τ51511551, Μ511111555 85115155 15111. -115111115515, 12151112015511 115151.)
1111. 11151155, 1151511. 8151555111. 1.1151518511515111155151. 111. 167-68.

’18342 11. 85. 111. 551113518535551515155 1 1111511535, 81. 85551555558155, 53 15111111.
5555 81511513515 AEgt 53 5155515 51 155 111113515 1555135511. - 11555115, 1. 1515111.

1111155151. 851111. 3. 8. 11. 701.

’18343 85115111 8555111. 8151515135511, 8515153551. 555 15511115, 11511 8111511 18· suni.
8515115351111. 555 8151531111, 51115111 851511, 131. 85115151, 53 511115 1151511115, 51. 815-
15111 8515115 1. 11511511, 551135 53 5511515515 111 Fru 855515 8151515151 1. 85151155,
5551111 8555555 1. 855551555 815115151515, 851513551155 85511155 1551 155511111335515 1
11511535, 11515513 53 11515 85355. - 1811111. 11111 11111.1115511.1.156.

10597. 011. 53 815151, 1 Gigas. 81518515511155158555115158. 15, 115111. 5. 20. 15111,

’18344 1151. 53 5551555515 855111 111 1155115355 1 1155155513, 51511 1511155 5515111.
515115 8511111535111185155515555 55111155115115555, 53 1115115155 51 85115151 51115155
151 5515515113. - Rendsbum, 2011111. (Τ505111 0111851155,1511.1.85515551111.1.1115151
8511515115155151.111. 168.

’18345 8155111 11515511 51 isaacum Vossium epistola, 15 qua eum 15351, 51 5515111.
aliquo modo 0111111555 0555151555 5151515555, 5511555 15 55515 mensem alterumque
obtineat. — Holmioe, XX. Julii Juliani. 8511555555, 81115355515151511151111590-91.

’183415 855111 51 8151155555 111 1111551555 1 8115555555, 51511 1551551155 21. 15111.
055151 515 851151515551115115155. - 21. 1511. (11151.) 11151 115555,1’515. 1 5551555511. d.
1151518511515111155151. 111. 168.

’18341 11. 811. 111. 5515151 1555555155 555 81551555, 81. 0153515 1115555, 51 551551,
51515115 8513555115, 8515351 53 8151111511 8155, 15111 15 55115 5151511 51 1515111535-

11155. - D. 22.11111. 011. 1 11555, 11155 815 8151. 115 11515151. 8. 389.

10598. 11115351, 11511 155515 1111511515 5151151. 851 8. 191-95. 24. 15111.
10605. 815111. 51 85151115. 31), 15111.

 

