1756 115115 1151511111 1111111511.

1160. ·

5 151151.

8. 155151.

’20599 11151. 11 11155111511 51111511111111111, 115511 5111151151 115151151
1511111151 om, at 15 151515 11515155115515151 1 Polou 511115 1515 111151511515 1 15

515151515115111515, 1111151 dog 5115115115 151. - Colla 5. Sp„ 5151. 1111 u. 55151551.
1155511. 1. 1111. Friedrich 9111115111 151 111111511111 1111. 611-12.

20600. 811115155 115 111 1111111111 111 (11511151158511511511155151 1151515 6555111
151 (151515151515115), 11511 han 51515151, 5111551, 515115551555151151155 15 15111515
1151151, hvis 11555511151151151151 1151 11511 1153, ingen Breve har 11511. 5195111511. -
Lmen, d. ἦ. 1111111111. (1151151151.) 1151111511511115151.(151555515515111155111585115 25.
15111. S. eos-810.

20601. 1115151551 Ρ1155155 5111151, 51 han 1515515351 og igen 51511511 511
115 111511ῑί1 111 151 551515 Regering og tilkjendegivet‚ 51 151151115111551) 511 51 55155
1151 151 Μ115115 1 Κ]5115111511; 151Ι 551515 Konga 115151 11151115151551 51 51 15151
Minister med Fuldmagt til 51 1511535 1 51 (1515151151, 151151 511515 511511 111 51 111351
51 Ρ5111111511151; 15151511 15151 51 11515 51115111115115 [11151151111135115 1 Oliva 1
1151311511 og 515151 paa HJ'aelp i 5551151555115 51 15 1515511135 og 11511515111515 (155511151;
151 1151515 Konga har 1115115151 11111. 511151151111151111551511151111151151 151815115.
- 17. 151151. 11151 1111. 1 85115151, 85111111 1111155. (155511. 11. 11. St. S. 150-51.

*20602 1115111551155151111111. 1111111. (115111, 111511 han 155151 1111151 111
511151151515511531511551531111. - 115οφ5511555 1511511151. 1115151.) mmmm·

. 15151151 11. 515-71.

9. 151151.

10. 151151.

13. 111111.

14. 151111.

20603. 11151 fra 11 1111511 111 11. 1151111. (115111 15511151113515051511111351

1 1151111111 111 11153155115. - 1111511511, 1191511151. 1115151.) 1111111155 15151151
11. 577-79.

20604. 1111555 11111 1 1111151111 5551115155 5111535 1551151351 511 51 1155115
raa 111. 1515 85151551 Moram, 11511 15 1515 151151, 111 8531551551. - 1111511115 115111-
5115, d. 10. 1111115111. Ny 1111511111. 85111. V. 681-85.

’20605 811115155 115 111 11115111 111 1151115115 (85115151 1155 15111515156555111
151 151515151515115), 111511 151 15115351 8111151 11511511 151 1151515 1551111151115151

de 151515 1155511151 151 disses 111153111551. — 155115, 1. ff. 15115111. (1151511511
11151111 111 1511115151. 1515515155151111551115. Sene. 25. lang. S. 810-13.

*20606. 11515151 9511551555 Β151 111 111515115111115115115115 510515111113 111

. 51 sende en 1151151 111 11511113 111 115551151555 51 5515111515, da 1151 har 5115151, 5111515

11. 151551.

511515 8-9 Breve ligge i 111551 51511111 5111155151, 51111111515155 at sende 51 15151
115111115531351, 11151 ikke 51515 15 1515511115 og 115115551135151155511151, 1151535511
151 551515 115115 515151. - 21155151. 1111111111515151515151111 nur 511. 55151. 1111515151.

’20601 De 11511511111515155511151 i 11511511, 1151151. 1111111511 531511105515,
111151515 111 (151515151515115 51 Ε111151113,111111151 15 bede 11555 511 1115 5115115 1115-
115151 1151 151 lange og 15511515 15111515 11113 51 Siste, nemlig 511551111515 1151115111
515115 quo 5115, 51115 15 11151515 mod Sverigs 0151551515115555115111511 1151.
- 24. lan. (Tydsk.) 11111111.1151515151155511.1.11511.111151115111111115111,15111511511111111131,

20608. 11111111. 5151155151 115115115115155 15111 51 12 15155151, 15151515

151515 1511511515111311153111115111551515[1115111511. - (D. 15. Ianuar). 515155 ι nist
1115511. 4. 11. V. 396.

 

