1192 Korre 0661611611 6611116666.

7· Febr. ’14231 066 6166616 1166116111 161116 1611116116 1116111161 ii. (11161611111611, at
166 166616 Fr. 01111 161 6161 Lysi 111 61 1611636 1 166666 1113; 166366 63 16 6636
161161 616 1 1611616 1661131 sternte, men modarbejdes 61 mange 61161661661311616;
1111136 66116166 0616616136, 6616 ’11111 her 666111111161661616.- i). 7. Febr. 1816661.)
11111161. 63 Urit. 1 0166116161, 81611366 11161. 66161 (166161 ΙΙ. 11611 Vi, 1. 5, 6.
’14231 1. Cure. iV. beiaier Bispen 63 111661636166 1 1161661616 61 166161616
. 166 661616 01116666 1661 den garnie 63 6616366, 11161 16161666161161611161161366 1611-
1133616. - Hafnioe‚ d. 9. Febr. 1111611111. 66161, 3. R. 11. 911.

’142311 1. Curi. lV. beialer Risperne i Danmari 61 16166616 166161 61 16 36161-
1136161611616361, 1111116 166366 63161 61 111116 bagred 0111666666 63 1111136 61611616
16166 1616616163, 11611111 66361 1 0111666666 1166361 111 1161113616 1611161163. -
1161661666 8161, 1. 9. Februarii. 1111611161, Sami. 3. 11. 11. 94-95.

’14240 1. Cen. iV. beialer 1666 1116163 0116 81661 6161616611161116111161161666
63 1611161661116166 1 161 61166616 1661116361 11611613161613, 661616636163661616166 63
domme Parierne imeliem. - 9. Febr. brudei. i Wuiii, 1666 16113 S. 14.

*14241. 1. Geni. 111. 1616161 1116616116161661 63 161116166616166 1 161 66611616
1661116361 66166 6611 61 16616 61161 sende 16166 161116631136, 66611611116161611616616
61 1666 11161 1116113661 63 0116 81661 t. 161616616666. - 9. Febr. 116111,11661663 s.14.

’14242 111111. iV.'s Missive 111 1163666 86661611, 8161616116 11161661616, 11161
16161163 111, 61 116111 1166116, 1611611 11636, 6161 36611116111116161611611616, han
1611116161161611616616111611166.-816111116116611111111, 1. 18. Februarii. 1616116611661
11166 11161..11161. 8. 53.

’14241 1111111. 11111311611161611616, 11661611. 63161161111636, 1611161116

Forseeise 161 et 11616 1111611 66 16136116161 86166666 61 1111616 1616 61 Byen 6161
1011361131 Forhud. — 18. Febr. 1111161. 1 816111. 1116161. 86161. 811111. 1816-11 S. 431.

’14244 066 6166616 1661166116111111116116116 1116111161 1. 1111616111. 111611 om
1. Chr. 11611166166616361611161661116 1 1616161113 6116 1661613616 Forbold; ban 63
1116666 616 mere sternte 161 66 ny 1113 6161 16166166 661 1136166161; 1636161611 1 161

Hele 61166136668161136116613663.-111816111 1816661.) 1116116163 111111116616116,
81611366 11161. 66161 0116161 11111611 Vi, 1. 6. 8.

’142411 1861161161 Lens 0116611661 16161166 111 1166 6166616 11361666161 11161
0166611611161), 111611 han 61616161, 61 K. 6106616611 har 61116161613111113111611116166
K. 61816113 1111116116 111 116166 31666616 1166616616 63 1666 Trepper 111 passage. —
Demmin, 1116111161. (81611611 111111111611111166.ο168166616111366611161.1.718-21.

’14241 16116 1666116611 6111161 til Rasmus 166666, 1111. 8161161161681111611111
1166161666 161 1161661616681611 63 beder 1616, 1161616163 61866136666161 616 111611
61161 Μ. Hane Jensen, Professor i 1161661616, 616 6166116336 1616136166 1661 Μ. 1166611
1161161616166 161111636163 1116116 166 16116 11111113 16166666 1166666 1 81611161161. -
habebamus, d. 23. Febr. 1116161. 1 0666161635 111151).

’14241 11166 111166661111111111 111161, [161616366166611611 6311116611 1111661111
1. 1661166, 1616163661. paa 8111661666, 16166616 61611663666161611631161616163 om
06161111616616116666 63116366616666 1. 8161116336611 1 1161616616, 81611163, 16111611
63 161666161161161611161616163 61 6111636611116 1116116111 116666631163666 16666. -
Wibom'q, d. 24. februarii. 86161. 1. 1116111161. 63 Tep. 11. 387-92.

 

