11010 1111001111 011 ’1111010

φ-..ο-

1651.

24111111· 10748. 11010100, 1111011.001110110110111111001111.60-61. 80101101, Hannibal 8000010111.
351-51. 1111 1 11111. 11111111. 6. R. 1. 616, 110111101031111. 8101110 111101. 1.

2⁵· 1111- 10150. sonatan, 1001011 11111010. 300.

21011111- ’18485 81110 101 11101101 1011103 10111003001 0381301111011110100101, 111011
1110 1011101 0010110103 101 100 01 1113001 8011001101 (1011111 11110111 1100101110 110111111-
0103 101 11 11110 10101 1110111101 1 01 11011101113 0101 11110. - 11011110, 12510011.
1101010103 001 111001 03 Walters Proees 1111. 1111. G. 11101), (10111111111111 11111. 11. 65-10.

2511111· ’18488 (11000 101 91101011 1011103101 1100300103813111010111101111101, 111011
1100 1030101 310011110101111011130 0101 ham 113110011100111111 1 1101010103 0111101 0101
1113001 8011001101 8011111 11110111 1010310 813 101 1111110 8011311010301. - Hafnioe, 1.
25. lunii. 10101011130018101103101101111000111111111 G. 111011. 00110811011111111111.11-11 ¹

2111111- ’18481 1113001 8011001101 11011111 81111011 101113 101 1100300103111311101010

80011101 181300 10011001 ham og 81011100011011, 111011 1110 10301013100111101100101

- 80111110103010101 11101 101110110111101 0101111030 1100300. - mamam», 1. 21. 10011.
1101010103 001 1111111 03 Walters 910001 1111, 1111. 11.

’18488 11. 911. 11131 03 11011.11110111111111111011010111110011101, 01 1011.

9. 8001111. 03 101300108130111 111110 1111011100 111011011018101113 03 11011100 0111101-

1010, 1001 011 101103001εο 0101 10 1101110301, 101 0110110 1010101101. - 1111300013

(1.1..10111 11118111 810111. 1111010110.

’18490 11. 111. 11131 80111103 111 11111100 1101011 81110 03 1010 101101101101001,
0110 010110101 1110110 1103110 1131118101310110 03 1130 100 1111101 1 110110, 101 110101
111 10 110 00101011 101010 11330010 1001111301, 001011030, 1101100301101111110 11330111

100 030 By, 03 1011110110 0101 80010100 010 8111110103. - 1. 1011. 001311111101111
8101011111 1101101- og 1011110 11111. S. 122-23.

·18489. 1110008011. og 111101 8011111103 101 Μο110101111180110111, 11000101
1101111110, som 8101310001.- 1. 1011. [101. 03 010111. 1 Peterson, 11130 01010111, 11111. 111 ¹
111. 00 11300010 8011011103 11 111. septbr. 10111 1111. 8101111. ’

10753. 1101010103 001 111011 03 Walters Proces 1111. 1111. 11.

*18491 11010001 00 8100011011111010 1 813001001101011130018011001101101111
11110111 03 0110111 1100131οο Walter i Auledning 11, 11 100 1011101010ῑο har 1031101 Walter
som Μο1111011 0111011101103 1001 113, 11101101 111011111111100101, 03 Walter 03101101
1111110110 1010101010 80113110103, 0100 103 11111111011111010 101, 11101 1110 111010 skal
11111108 101. - 1110101111αῇ1 8101, d. 3. Julii. 1101010103 010 111010 03 Walters 110000 811. 1111. G.
1110111. 1 1110111101111 81101111 11111. 11. 111-19.

811111- *18498 11. Fn. 11131 80111103 111101300 8001011, 011110 011101030103111100001
811010 1 111100 1101 1110 01111010101001 111 8111111110, 8101101 03 Ρ11111101111101111111-
110000 ved Bjergsodde. - 3. Juli. 8013, 80111 1111111110101101111101101- 0311111011118.123

811111- *18493. 11. 111. 11131 80101103 111101300 8001011, 11 1100 11111 10101330 01 ’1031-
vaerk [111 Treldenaes. - 3. Juli. 111118013,8010111111111010001111101101-0301111081118121

5. 10111, 10756. 81111. 111 11010110.

110111. 10758. 1101010103 0011110111 031011111110001 1111. 11111 10101 03111 101110 1001111011 Bb
1010103001 111111 11011101 1. 6. 10111.

8. suut. ’18494 11001101 1101111111 1011111101 1101113301 [1011011101οῑ 01 3110 Thomas
Bang 03 00 10100 Professor det 111011 11 111110 deti! 100 111010 1111101103111 stephanius

 

