111111 1111111111 1111Τ11111. 1775

*20815. 1111111111. 81111111 1111111 111 111 11111111 11111111 111111, 11 1111111 111-111111-
111 11111 1111 111 1111111111 111111, 111111 1111111181111111111111111 811; 11111 ikke
ved, 111111111 111111 Stilling 11111. 11 1111111111 11, 11111 1111111111 111 1111111111
111 1111 811111; 111 11 111111 11111111, men 11111111111111111111111111111. -

10. Juli. (Fransk.) 81111111,111111111811111111288. 8111111181111181111,1111111011111111111
1111111 11111118. 111.

’20818 111111.111.’111111111111111111111111, 1111111111111111(1111111111- 11111111-
11111 111111 skal 111111. - 11. suli. 1111111111111111.1111111151. ’

’20811 111. 1111111181111111,8111111111111181111111111111, 11111111111 11111111· 1111111-
11111 81111 om, 111111111 111 gaas til med Proedikener og 11111111 1 1111 111111, og 11-
111311 111, 11 8111111111 1111111111 ham ved 11111111111111, 111 11111, 111111111111
1111 11111111 11111111 11111 111111 111111. - 11. 1111. 1111111.11111111111111111.116.

*20818 11.11.111.’1111111111 111 111111111111111111, 8111111 1 11111, 11 1111111111 1811111·
111 1111111, 11 111 111 11111 111111 Μ.Η1111111111113 1111111111 1 Bibe, ferend Kongens

11111111 111 Andreas 11111111111111111111111,1111 11111111 111111. - Ηα[1., 1. 121111.
1111111111. 81111. 8. 11. 111. 117-18.

20819. G. 1111111111 8111111111 111 011111 (111111. Ν1111, 1 1111111 111 11111 11. 11111.
11 sende 111 011111 111111 1131111111 811111111 11118113 til denne, der 1111111111 er
11111111111]11111111.-011111111,11112111111. 1111111 1111111111.4.11.11.11111-04.

20820. 811111111 11111111111111118111.ο111111,32111111 11111111111111- 11111111.
111111111111, 11111 11 1111111 111, 11 1111111111111 1111 11111 1 111111, 111111111111
maa 11111 111111111181111 11111111111, 111111 11 1111111111 111111 11111111 fri 111
1111, Cise og auden Tynge. — 18. 1111. 1111111111. 11111111111111111. 132.

20821. 811111111111 011111 (111111. 1111111111. 11. 111. 111 111 11111111 ham 1111111.
og 011111 Frijsz opstaaede Strid3 111 11111 111, 11 111 [11111111 [111113111111111111111
v. 1111111111 11 11111111 11 1111111111 111 011111111 8111111. - 11111111, 111 19. 111111.
11111111.) 1111111111.4.11.1’1.801-06. ¹

’20822 8111 111 111· 1111111111 11111111 paa 111111111111131 Vegne 111 11 ’111111 11. 11111.
med 111 111 1111 1111111111 111 11 1111111 ’1111111111 11]·11111111111. - 1111111 1 81111-
11111, 11 20. 11111111. (111111.) 1111111111 111 1111111 11. 519-21.

11464. 11111111, 1111111 111 8111111111111111111111118.1-5. 21. 111111.

’20828 11. 11111131 11111 111 11 1 1111111111 1111111 8111111111, 11111111 1111111.
111111 111 1111 811111 111111111111 1111 6 11111811111111111111113.Τ111Τοῑ11Ρ1111 1

1111111111. - 21. 111111. 111111111111111111111111811111111111111111111188 8111111111 11111111·
nendo Breve 111 1111111111 8111111111111 og 1111111. [111. 8111111.

’20821 11111. 1181111111111 1111111111 111 (11111111 1111111111.11.1111111111, 21. 11111.
11 111 111 11111111 1111 1111111111 8111111111 111 11111111, 11111 118111111 11111111

111111 1 8111111; 11 111111 dog givet 01111 111 811111111111.-21..1111. 1111111 11111
1111. u. 11111111. (11111. 1. 11111. 1111111111 wilhelm von Brundenburg 111. 718.

’20821 1111 brandenburgam 6111111 1 8111111111 1. 1. 1111111111 11111111111 11. 11111.

11111111111111 11111111111111111811111111111111111111111-111111. 1111111 111111
11111111. 111111. u. 1111111. 1. (11111. 1. 111111. Friedrich 111111111 111 81111111111 111. 718-19.

223.

 

