1792 111111 1111111111 111 Tamna.

1115163111- 21019. 11111111 1111111111 111 1111111111 1 8111111111, 111111 111. 1. 1111111111

1111111111111111111 1111111 1111111111 1111111111, 11111181111111111111111111 11111111
111111 11111 11111 111 1111111111 111111, 1111 11111 »11111111181111111111111; 11 11111111111111111
11111111, som 11111111 i 11111111 11111 11 11111111 011111111111111111111111, 1111111
1111 11111111113111111111111 og 111111 11111111111111111111 11111111111111. - 0111
Datum. 1811111111 81111111 1111111111 1111111111 11111111111111111 1111. 261 fl.

21020. 11. 111. 11131 31111113 111 Hannibal 81111111, 11 1111 1 11111111111111111

11111 deliberare 111 Norges Riges 11111111111 og Administration. - 1). 2. December.
1111111. 1 81111111, 111111111811111111 1. 251.

21021. 11111 0111111 1111111 1111111 og 8111111111 Vegne 1111111111 1111111 r
1111111131111 11111 11111111, 1111111 11111111, 0111111111, omen 1111111111 111 1111 0111, ,
11111 og Rettens Betjenle 1111111111111 1111111811 111111121111111111 111 11 01111111- J
heder, 1111 1 11111113 11111111111111, og om 111111111111 at 1111 11111 11111111 11111111 111 ’
1111 111 1111111 og 11111111111111111 111111111111111111 11111 111 8111111 Ρ11111. -
Kjobenhavn, 4. Dec. 111111111111.81111.11.331-12. ¹

21022. 1111.. 1111111 8111111113 111111111 1111111111 11 2111111111, 111111 1111111

’111111 111 111111 111 1111111111. - 6.-011111111. 11111111 1111111181111111111111111111-11-
11111111111111111111 111. 1113-41,
21023. 11. 111. 111.’1 21111111 111 1111111 1 111111, 11111111 111111111 1111 111111111

111 11111111 111 811111 1 11111111. - Hafnioe, 7. 011111. 11111111111111.3.11.11.181.
21024. 8111111111 1111111111 11111111111811111111111 1111111111· 11111. Fr. 111.,
’ 111111 han klager 1111, 11 Ρ111111 111. 01111 1 111111 11111 1111111311 Forbud 11111111 111-
1113111 111 1111111111, 111111111111 11111111 111, 11 11111111111111111 111111. -1111111,

d. 1. 0111111). 1111111111 111111. 11. 11. 111. 172-73. -

21025. 8111111111 111 1111111 1111 11111111 81111 11111111 1111111111 111 1111111111, ¹
1111111811111111011111111111111,1111111111 heder 11111 111 11 tage sig 11 Sagen mod
111. (11111 1 Η1111. - (1. 1111111111 111111 1111111. ι 1111111111. 111113. 11. 111. 113.

21026. 11. 111. 111. 11111111 81111111113111 11 1111111111, 1111111111 (1111111111 1

111111111111 111 11111111111 111 111111 1111111111. - 19. 0111111111.) 1111111. ι 11111. 1111111.
11. 11. 676.

21027. 111111. 11 011111111111 1111111 111 1. Μ1111111111, 111 11111 111 som
111111111111 (1111111111 111111111111 1 1111111113 11 81111111111111 1111111111. - 811111-

0119, ἦ. Dec. (Tydsk.) 1111.111111111.11111.1.111111111.(ὶο1111.1.11111.11111111112111111111 111
1111111111111 111. 719.
¹4· Μ’· 21028. 811111111 11111101111111111 111 111. 8111111 11111111 111111111111111111

Η11111111111, 111111 han 1111111 111111 11111111, 0111111111 1111 11111111 11111; 1111111 111
1111111 11111111 11111111 111, som 1111111111111 111 111011, 0111111111 1111011111111
111111 1111111111, var 1111111 11111111111111 1111113 overmaegtige 111111 1111111111. -
14. Decbr. (Tydsk.) Udt. og 1111111. 1 11111Τ111111.5.11.11,635.

21029. 3 8111111111 1 011111 81111 vidue, at 1111181111 i 111111111113181111
1111111 11 1111111 111111 1111111, 111 11 11111 8111111111 ikke 111 111111 sig 11111
Reme og 11111111. - 611111, 15. 0111111). 1111111, 11111111111111111. 109-10.
1⁶· ⁰⁰⁰bf· 14298. 81111. 1111111111.
1⁶· ⁰0⁰bf· 21030. Pam 1111111111, 01111 1111111111 1111181111, 11111 811111111111111

01111111, 111) og 11111111 1 1111111111. - ,1111 1111111111νά, 1. 16. 011111. 11111111, 11
111111111111111 s. 112-15.

15. 011111.

 

