12. 86111111.

13. 86111111.

18. 86111111.

18. 161 18.
86111111.

1616 15. septbr.

15. Septbr.

1404 1616 1166161111 661 116666.

1111161, 16111 161 111 116161663166666 1111111 166 6116616161161616611136 (1666611611161
1661611613 63111666 66611 1661666161616166611166666111666616. -— 11161166, 1. 22. 8611166111.
(Tydsk.) 01111161, 1661611116611611161666-(166111611. 706-01.

’16688 116 6616666166 0661116166 1 0661661166 61611616116166166, 61 16 166616
1166661161 11116 6116616 66 11666111ῑὶ66 11616166 116636, 16166 16 161616 16 6166616 616 61
116661361616166116166, 63 1111136 1616611116, 61 61161 8136616 11616161 161 166 1616611136
16361166 63666 maugier endnu. — 0116611661, 1. 22. septembr. 111161.) 6616161, 1166-
111161116116 11161666-116611161 1. 100-05.

ἡ16689. 11616611661111116 111. 6161161616166 1166661161 1 0666111161 6311166161,
6111611 11616 11. 61 1166616116 Μ6116166111116361 111 3166661636 16 1116111616 16116611163611
Wien. - E'bersdors, d. 23. Sept. (Tydsk.) 611166611661111161166116111616660116111611. 716--11,

*16690 116 6616666166 0661116166 1 0611611166 61611616116166166, 6116166616
1166661161, 61616116636116666 161 616116361 66 811116166 116 Salvius, 111611 16 6166616
0666611616 16166161 316166 6111666313 6116 11666166 6316113161611366, 16616161 11616 663161
61 ville 6166611616 6166616 111 61 1166613616 1161666 111361666161 Just Η63 6611666166
forespurgt‚ 6111 161 161 66611, 611616616616163113116116 1611166161 613 66166 6611116661
1111111 6161 16 16161616 81611161 63 81166166. - 0116611661, 1. 23. Sept. 1131611
0611661, 1661111116611611161666-1166111611. 111-13.

’16691 116 6616661166 (1661611166 1 0611166066 6616116116 16 3616111311 1611116161
om, 61 16 166616 1166661161 have 61611611 1661, 61 166 6166616 (16666118611166 1 66
811116166111111.16636166661161663161 61 111316 op 116 Mindon, ferend 16 1166616 63
16161111616136066661161616161666.-06166111611, 128. Sept. (Tydsk.) 61111161, 1166-
1161166116 11161666-1166111611. 109-10.

*16692 811116166 116 66 6616661166 (1661161661 0661661166 11116166116116361
1 munster, 111611 16 6611616 1616661663 61666160666611616Μ161ο16616166 61611611666166

16636 [11611116166. - 0116611161, 1. 28. Sept. (Tydsk.) 6611661,161116611166611161611·
6611111611 708-09.
’16698 116 6616666166 0661116166 1 0611166166 6616616 11. 61 1166111611 661 61

66161116 16 6166616 1166661161 111 61 1166613616 161668616611106661111161.- 0616611161,

den 23. (282) septembr. (Tydsk.) 01116661166111111116611611161666-066111611.121-29.
’16691 116 616666661166 6066166666 11111166 6661616 16 1616611136 1166661161 1

Μ1166161 616 61 61161116 16 166616 1166661161 111 66 Μ611661166161 161 611616166116666166

111 61 16611636 111366111166116166. - 11166 Datum. (Tydsk.) 616661,11611116611666611161611·
1166111611. 120-22.

’16696 K. 066. 111.“6Β1611111161116 1111611, 1116111166 66116161166 166616 06-

66611 181661116161 1616111166111616161 63 16166111116361 6636661116 1111161161 6111113 3

med 816113 6616 6161116166. - 15. 86111111. 61611111111611616, 116661111166611161666 ¹

1629-1661) 11. 869.

*16696 11. Gna. lV. 6111161111 0666111166 1 8166116161 16161 111116, 61116116

161 11661611616 661 11113 63 [1166161166111136166 161111311661616 16366 161663, 1666 1116

16 6616113 16166, 16 11661161 163, 6116 6616 11116166 ville vare os 61, 16116166 16 11631616 j
noget af Impurum«. - 15. Seplhr. 811111111111611616, 1166616116 111611116111161161619* ,

166011. 959.

*16691 Ι8111116166 116116 6616666166 0661116166 1Μ11116166 11116166 1161163611
0666111161, 111611 16 6611616, 6116 1161666611361616616161611661611166116 161 16166616

 

