KoNfl 1131333111 333 133313. 1161

— ————————-—-——————--—————-———-—-—-—-—————-

1660.
20120. 113 1131113 81333333,811311113313313333 1. 11113133, 3131 1111311131, 31 10. Α111111·
11313. 33 113311Ν111131133 333 Mors 1313 131131 111. 1333 83133333 11313133 111 13133
8333331331, 33 13131, 311113 13113 13113133 333311, 3131 111. 1333 83133333 311113 13131131
13313133113113333333111311. - 1131331333, 1. 10. Aprilis. 111 1111111111 33131. 1. 685-86.

20121. 113331311331133113333381111313311111. 11.111., 31 133131 3133 131· 10111111·
1331113331 313 33 13111131311131 1331 813113113113131313 3133 33133 13111113 at 31313
3133 1111313133 1313133331. - 1111133113, 1013111. 11113111 1131 11111. u. 11131131. 1. 333311.
d. 11311. Friedrich wilhelm von 11133133131311111. 613-14.

’20122 11333.1131113113333333 3111131 111 113133133, 31 1313131111133131, 31131 10. 1311113.
1 1131331313 13133 13111113131331311331113331, 33 331311131 111 31 13133 131 131 31133

Exempel. -— 011111 a. Sp„ 10. 1111111. 11113111 11111. 313133113133111.1131111131113111111-
13131 133 111331331313 11111. 121.

20123. 11. 111. 11133 811113133 111 113333 11311313, 31133 333133113313133 11. 1311111.
31 Μ3313113133 1 1111131133 1311313 Person til 8333331331, 11131113133311331 31131313
13333333 131333133 er 31 33 333133 13313133131, 31 1113333 33131 ham 3131113 111 31
1311333 11331333113131, 1 111113111113113 1313131 13133313313131133 131313 1111133331131.
- 1131313, 1. 11. April. 3111113313.3131.1.333-31.

20124. 63331311133133331 111133 13311131313133113131 111 633313111331333311333 1311311113.
1331131311, 113113133 1113133 3111311331 131331133311311331 111333113 133 1111. 206911,
33 13131 ham 331 31 31111113 133 1133333, 31613133 11113 131331, 131 133 131111113133111131
31331131113131.-013333,1.1111311113. 11113111 1111131313.1333131313331.111.331-38.

’20121 1133311333, 1113131 31 [13131333113331131333 333 113113813311.131313 11. 131113.
13333, 314 8133131331 3111331313, 31 13 3131131 31 6331113333113133133 11331313 131-

1311313 31 83311331. - 63311131131131133, 1313113333, 3331 131 1. 14. April. 331111. 1. 11131
11131. 33 133331. 111. 51-52.

20126. 131131313133 113 (1333 111 11. 318333133 313, 113113133 133 1311331313 14. 1311111.
113313 31131 131 1133311 133 3133313 111313331311111331311333,331131131338133-
3113133 1313 133331 13133131 831331, 33311331 11313131133111333133. - 1111, 24. 131. 1833331.)
1133311 01311. 1 11131. 1113311. 5. 11. 111. 239-42.

’20121 033 1313311133 (1333311 1333 31111131 1113111313 La 133313 1131311331- 13131113.
113331333 633313311313 1133313111 33 813113 33 13131131 313 1311311333 1133333111113131

11111.318331113111Ν1.“207261.- 111111, 26. 1131. 1833113111 11331101311.111131.1113111.5.11.
¹¹¹- 243 41720128. (1113131313 1333331133 811113133, 31 133 1 13 Μ3333131 13131 131 13331 1311311111.

13311311 113 131 331313 1131, 3133 3133 131331 1 11331113 131 31131131 1331 13 33 31313113
13311131; 133 1313311133 6333311 131 31311311 1313, 31 133 31131 13113 333, 11113 31333 31
1133313111 3313333 1 11313113113133, 1333 33333 31 113133 1113 1311111133, 131 113133
13311331 13331311 33 813113 131 313 13113 1113113131; 13131313 3113131 3131331131313,

3131 111113 011 1113111111 13313313333 1 1131113133. - 21113111. ’11111 1111. 1311113331,
83131333 131 1133. (13131. 11181. S. 164.

20129. 1133 1313311133 63333111113331131113 33 1331133133 1131113333 311113 1111311111.
1 33131131313133, 31 13 31333313 131 333 8133313333 13111133 331133133311131331 113 133
1133, ’1131113133 331313111133, 3331311333133 31, 31311333113 8331333331, 33333 1133313111

3331133313, 31313133 13131. -1133313, 11311128. 113113.) 111131113111131. 1. 3311311. conch.
1111331-38.

222*

 

