11111 11111111 111 1111111. 1671

’19707. 11. 11111 Χ. 111111 1111111 011111131111111111111111 81111111 011111 lii-1233

at 111111 011111 11111 11 11111111 1 1111. - 11111111111111, 18. Februar. 1111111
[111. i 1111111111111111111111111111111111871 S. 126.

12461. 1111111111 11111111 111 1111111111. 11111111111111111111 181111 2111113. S. 701-07. 20, 1111,

’19708 01111111111111111111111 11111111111111111113111111 111 111· 111111.
311111111111 111111, 1111 11111111111111 11 1111111 11113111 111 111311 11131111 1111-
1111 111 1111111111 01113111111 111 11 81111111 13 1111111111311111111 1111111111 111-
nesbyi'd. - Haffli„ 20. 111). 1111118111.1.11-14.

’19709 811111111111111111111111111111111111111111111111111111111- 11111.
iand omli. 118111131 11113113111 sjaeiiani; 111111111111111 1311111113 111111 sig,

111 111 11111 1 11 111113 11111111, 111111131111111 11. - 11111111, 201111. 111111.)

111113111111. i Uri. u. 1111111. 1. 11111. (i. 11111. Friedrich wilhelm 111 11111111113 viii. 173-74.
111113 111111. *iiiiii

’19710 ii. 11111 Χ. (111111 gjor i iniedning 11 0111111111 11 11 1111111313 111111.
11111111111111111111 1111111111113111 111 1111111111 112. Febr. 111 1111 Commis-
sarier 111 111 1111111111111 111111111111. - 111111 1181111111, 1. 20. Febr. 18111111
1111 8111111 1111111111 iv. 687-88.

’19711 11111111. 11111111111110111111311111111111111111811111111 011111 20. Febr.
11 1111111111111 11111111 1 1111111 1311111140001111. 111111111111 111111111. -
Kjoqe, 20. Februai'. (Tydsk.) 111. i 111111111111111 1111111111111111111111871 S. 126.

’19712 ii. 11111 Χ. 1111111111111011111131111111111111111181111111 011111, 1111 20· Febr.
tii 111 131. 1111- 13 8111111111 1111111111131111111111111111 111111 11111111 111111 11111. -
111191, 20. 11111111. 11101111 011. i 1111111111111111111111111111111111871 S. 126.

’19111Ι 111111111111111111111111111111111111111111011111111111111,11 20. Febr.
11 Χ. 11 811111 11111111111 11 111111 irem 11111111111111 111111, 1111111111 Ter·
1111 13 11111111 1111131113 111111111111111111111111. -61111111111, 2. Maris. 11111-
111111.) 11111111 111 1111111111. 11111111111111111115. 8111121. 11113. S. 707-08.

’19711 11111111. 11111111111111111111111 111111111111 111111111111111 111 211111.
Freden 111111111 13 11111111 dem iil ej 111111 11311111111 »111311117111111ι. -
Kjbqe, d. 21. Febr. · (811111.) 011. 13 111111 i 11111, 1111.1.1111111.1118111311 111 111111111-
111111 dipl. 1111. 1111111111. 1111111881.

’19111 111111111113 111 111 1111111 1111111 1 1111111111 1111 1111111111 21· ieir.
om den 111111 riarde, 11111111111111111111 11113 med 8111131111111111111; 111 11111
111111 1111311 111 11 1111 111 11111111111 111 1111111, 1111Μ111111111 11111111, 11
11111111 111111111111811111, 11111111111 11111 011111, »1111111311 1111111 111 111

Helos iluim. — 3. 011118. 13111111.) 011.13111111.1.11111111311,(111111111111111111111-
1111 S. 301-02‚ 309, 310-11.

’19711 ii. 11111 Χ. 1111111 811111111111111110111111111111111111111, Ρ1111 11. Febr.
1111111111111. - 1111101111 1111, 1. 22. Febr. 111111.) 11111111111 1311111-
1111 113113, 113111111118. biii—81.

’19717. (1111 8111111111111 1111111111 11111. 1111111111113, 11111111111311 11 121111·
8111111 med 11111111 111 1111 111 11 1111111113 1111. -- 111111, 22. Febr. 1111111
111. 13 111111 1011. 1. 11111111. 111111. 1. 11111. Friedrich wilhelm 111 11111111113 viil. 210.

’19118 1111111 1111111111 11111111 Ruri. 11 11111111113, 11 111 1111111131 22. ibit.
111111311111111111, 111111111111 1111 11111111 11 111311 11 1111111111311111111113,

 

