1696 110110 0111000111 001 1011010.

22· 1333·st *19941 0. G. 0101100100 Siriveise 111 ii. 11011 x. 000101, 011110 11101101 kunnei

100 0100 111 01 001000 storto 0100001οῑ 000 5000 0011. - 0010100001, 0. 22. Augusti.
(8101101.) oannis 1103. 6. u. 1. 2911-96.

22· Augusti. *19942 1111110 90111100 0111101 111 010 Rostro, 01000 010001000030 hor 101010οε1
1101 01 00000100 00010 111 11101101; 1000 1100001 1100000110 0000. - 1101010101 110110111,
d. 22. Aug. 18100011.) 1110001. 1 0100131000, Do 10 0010. 11011. 111. 71.

1041101111- ’19940 Du. 01001011011110111111111101010000011013010 tt. 018101130 1031011
1100 00001011; 1111111101οη 1101 1111001111111000.-- 1. Sept. 1010001.) 0110100001.
000011. 0. ituri. Friedrich 0111010100 0100000103 11111. 290-91.

201101111- *19944. 110010100000100 00010011110110 811110100 11111. Fr. 111., 0111100301 1101
0111010101 0001010300 11101013110100, 00001 00001100010000 0100 11100000010; 1100 000101
001101 00101010 000011010103 1101001 110 110030ος 01 00110000100 1101 1100 100 ringo
0111. - ermom, 1. 00. Augusti. 111101 1111011111011101-10.

23· Augusti. *1994o 10110 0000000110 0111101103, 01 han 00110001000110110, 1100 10100 0100

Hans 1101000, som 10111000 st. 8000 1011130 Ρ1000111011100 80110010030010, 10100, 00 1100
1110 1111110010 11001 1 11000 111110. - 1111100, 23. Aug. 11110111101111111933.

23· Αι1111111. *19940 01110 11011001 Nisum> 1011111310 013 111 01 011 03 111 1000 1100010000
0013100301οο 03 800111001 03 1110 1010100 101 11000 0100, 00 00000 01 01003010 har

10001 010 110110 11000 1001101110οε 8000 00001130 113003 10100. - 011100, d. 23. Aug.
1111101001. 80011. 11. ssa-34.
ssetuttugum ’19941 11111ιο0000 100110010103111000 0100010 00301103 010 00110000 8101010

’0120601100 0011100000301 001 000 1110111, 001 0101 1000 00010011. - 2. och 6. Sept. (81000111
1101101100, 0101. t 1100000000 001 81011300 0011 11000111000000 01111. Foth. 0000111011 x. 0110101 S. 90.
24· Augusti. ‘loots 0101 1011 0111111110 811110100 111 11. Fr. 111, 01 1100 101 00010301 11003000
00101103 001 0110101010 1110011013 111 0011001010. 000 31101 01111001030010 00101103ου0
0011011 03 01000010, 01 1001110101100301 semme 003 101 0111010101 11101013110100. -

6100011111, d. 24. Augusti. (Tydsi.) 0101111113.5.11.1.311)-91.

2011111111- ’19949 0. (1.111111100010 101011110100 111 K. 11011 X. 0110101, 1010111003οη 1101
1010101100 000 1101010301 110010310 010000101. 000 01000010, at 00310 1 0001110 1101-
1000 00101000 81110 10101110, 111 001 111010010011000 0110101101000 horos det 10100010
001 010000001001010301; 0001110300 3001 3001 1101000. - 0011103111, 0. 24. Augusti.
1111001 03 8100011 onusto 1113. 0. u. 1. 098-99.

24· 11101111- *19900 001011000011011111111 103011 01 0111110100 A Lisous residentis 0000110,
10 (1110 Mosoos scribunt 103010 810010 0111010 00010 00301110 implicitum 0010100101010, 01
2010000 0010 10 0001010 irruptione conturbatos 10 1111010000 00010 1030 8100101100 0
0000110 occupatione divertendis 0111010010 10100100000111010. - 1110100110, 8011100111οτ3.
ssot 03 010001. 11101. 1. 0001011. Gessit. 11111. stt-47.

2411111111- *19951 811110100 110 01011001 111 110101001Μοιο110, 1110. 001, 01 00 densis
1001010110 0101010, 0000 010100 00000 1111101110 0110101010301001 dem. - 0011111,
3. sept. 1010110111 001. 1 Uri. 0. 1010001. 1. 00001.010111000110110111110101100000000101311179·

2011101111· *19952 0. 0. 0101100110 811110100 11111. 001111. 000101, 111011 1100 10001 001,
01110111110311010301 0100 tommo op 111 11010 101 ot 1010 11010 00010110113100010103301
01031000101101; 1100 00000100110300100 0101 000 1010001001, 001 hoves 10011010. —-
1100011 1101110101, 0. 25. Augusti. 11100103 8100011 0101111113.0.11.1.199-100.

 

