906 11111 (1111111111 111 111111.

--.-.-.

-——-.——.-.-—-—.——.- &m ι

161 .
21· 1112111- *10911 11. 1111111. 11 1113111111 1111111111 8111111111111111111, 11111 111 111111
1111111 11111113 111 1111133113111, men 1111111111 1111318111111, 1111 111111 1111111111

111 11 11111 1111111111 1111111111. - 21. 111111. 1111311111 111111111111111111 1181· 01111
11111111111111. 11 1111111 1612 S. 111-59.

*10916 11111111 1111111111 (111111111111111111111)0113111111111111111111111 1111-
tum suum ad patriam 111111. - (1111111111). 11111. 1 1111111111. 111113. 1. 11. 313.

Ρ111 1612.

’10911 (11111111. 11111111 1111111113 om 1111 1111111 1111111113111111111111
111 August 1612 111 111111 1 November 1111111 111. 1111111113. 4. 11. 138118.

1613. 1613.

9. 1111111. ’10916 Μ1. 111111111111 1111111111 Sir 111111111111111 111 1111111111 (1111111113-
heder ved 1111111111 11111111 1111113111 1111111111 13 11111111111111111 1111311111 og
11111111, 1111111111311 ikke 1101101113 1 111 8113111111 11. 1. 111111 1111111, 11 1111111
11 8111111113 111 1131, 111111 Herre 111 1111111 1111 1111 111 king 11 1111111111. —
The 9111 0111111113. (Engelsk.l 1111111111111113111111111113111111111111111514-16.

11. 1111111 *10910 8 11111111 1 ’1111111 1111111111 11. Pani, 11111111 81111111111111111113,11
(1111111111111. 1113111 11111111 111111 11 dod, 131111 ham 111 1111111111 1111311 13

11111111 111 dem i 111111 8131111111. - 1111111, 111111111111111. 11111111.11111.3.1.
1st -,
11111111. 733 3’10920 11111 111111111111111, 11111111111131118111,11.11.11111111111.1111

1111111111111111 13 111. Η111 111111111111111111111 11111 813111111111Ν11111113. —
12. Ianuarii. 11111. 1 1111111111. 811113. 11. 11. 135-36.
11111111. ’10921 11. 011. lV. 11111111111111111111 1111111111 31111111113111111 hans

Fane 11111 1131111111 1111111 sit 1(0mpagni 11111111.- 11111. 1131. 1 11111111, 11111. ved 11111
S. 42. 1111. 1.

13111111. *10922 11. 11111. 1111111111113, 11 8111111 1111131111, 1111 1111111111111111111

de 8111111111 1131111 1111111111. - 1113111111, 1. 16. 11111111. 1111111 1111111113, 111111-
1111 hist. och 11111111. 111. 343, 1111.
20111111. 5447. 111111 01111. 1 811131, (11111. (11111. durch 81111311 1.166-74(111111111111;26.111.1

21111111. 5449. 111111 01111. 1 811131, 61111. 11111. durch 81111311 1518-80.

11111111. *109211 Sir 1111111 1111111111 11111111118111111111 Lach, 11 11. 11 1111111111
11111 1111111111 den 81111, 1111 Μ1.1111111γ 11111111. - 1111111113118111111111, 111
240113111111. (Engelsk.) 1111111111111111111.111111111111111111111111111116128159.

25· 111111. ’10921 Bam. og 11111 1 1111111 11111111, 11 de 11111 813111111111 Η1. 111311
1111111111 1113111 [1111 1111 11131Μ.111111111111111111111118131111111. - 1111111,
s. Pauli 1111111111 dag. 1111111111. 11111. 3. R. 111. 735-31,

211111111- *10925. 1111111111111 11111111 111111111131131111311. 13111111 11111111. til 11 111-
1111111 11111 111111111111111 om 1111111111 111 1111 11 det 111311 8131111111, Μ. Pani
1111111111. - 13111111, 1. 111111 1113. 11111111. 111111. 1. 111134-31.

21111111. ’10926 1111 1111111-11111111111111111- 1311111111118111 111 11113111 og
flertugen 1161111111 1111111111 113. 11111 111111113111111. Ν1. ’101941 Η111111Ι11111,

 

