11010 0111111111111111. 1119

’16411 11. 011.11’. 1111111011111111111 11011110111011, 11 1111111 11111111- 211877

3111 1111.11110111.111111011 03 1011. 11 1101 100111. 1111111130, 1111 ,111101

101 1111011011110111 11101111 11 30111 111011- Hasnioe, 1211011. 1111101, 1111111.
011111111111111111 1, ’1111103 S. 39.

’16411 11. 111111. 011111, 0111011111 111111 11 1111 company 01110111111111- 01111111,
0111111, 100111 11111 111 11. 011. 111. med 1111111111 011 11 1131 sig 1111111 113. -
10111, 28. July. (Latin.) 1111. 111131 1101111, Third 1101011 S. 54. '

*16413. 11111. 11111111 1111111111 11111110110131 1111101 101 11311. 1. 01110 suno.
og 01111111011111111. 1111011111 11101. 11811113 1131111101 111011011113111 11031 111
1111111111. 111 10111131 03111 1111111 111 11. Chr. 11., men 110111 1110 1101111 113 1

01111111111311 011 Sagen 1101 111 11111111111111 1110011011. - 1001311113, (Iuli.)
(Tydsk.} 1111 1. 11011011 1. 01111. 111011. 1111011101 wilhelm 101 11111111113 1. 566-71.

’16411 11. 0111. 11. 1111111 1111010110 at 011111103111 110311111111 1111101, 2. Augustl.

11111 011111, at den 111101 Μ. 01111111 11111 111 103113111110111011111 111111.-
2. 113011. 11111 nabun, 1111. 1111 11111111. 101

’16410 01111001111113111111111111 01111111111181111111111111110110111 11111111·
0111000101, 11011 111 011111111101113 111111 111111 101111111010111111 (Myle) om
111 11111130111111111101 11 1111111101111111111 03 011 111 1101110 111111011113. --
Stoclclwlm, d. 3. Aug. (81011111.) 1110111111, 1111 11111 1111 0111101111 1111 1010101011111101
1, 4 21-ae

*16416. Kerer 1110111110 11131 1111101 101 11.(1111111011111 som 0111111 111 1111011111·
11. 11101111101100111111, 1111. 11 Polou opfordrede 111101011111 1031 1111111 1111-
· mark ved 1111111131 1011 1011111311103111111111101100 m. m., 11111 101110 1011 1101·-
1111111111101111 01 1101 11111 11111131 111113.-11.113. 11111. 111111 11131. 1111111.
11111 0111111111. 111111. 1111111. 117,

’16411 1111111111 1. 0111111, 1111113111. 11111011011111 slot, 03111101 1¹- 1111111·
1111111 1101111111 111111101111011011111111110111111111111 101 111111111131. - 11103.
11111111 111111111111 11111. 111. 176

8763. 11111 03 1111111 1030110011 11110110 11 11011101· 01 1011111103 1. 121. Exemplum 13, Auguffl,
0110111111 111 N 1. ,
8766. 11111 0311111111 11301111100111011111 1011101101 111“011111131.110-11. 11101· 18, Augum,
plum 11111111011 11. 113. “

8767. 111111 03 11101111 1103001111010111111111011011101111011111031137-39. 11111- 18, 138333,
plum 1111111011 11. 0 3.

8769. 111111131111111. 03 111111. 1 Sami. t. 11111 11111, 03101031. 11. 191-97. 19, 338333,

’16411 11. 111111 131 [11111111 101 011111 10111 (1001111, 31111111 11111 111 19- Augusu.
01111111111111013111. 011. lv. 1131111101 103111131131 1101311101. - 1011, 19. Aug.
11111111.) 1111 110311111111, 11111 1113011 S. 13. 1111. 1111111011, 1111111111 1110310111. 11110110 1619
-116011, 314.

’16419 110111111111131111011111011111111111111111111011111180110111 2010111111·
01111111111, 11011 111 00111111, 11 1111111111 (Myle) 111 11111111, 11 0111 1011111013 111
00111311 111 11110113111110111101 311 1111011111110111100, 03 1111. 11 1111111111 101111,

11 11110110011111 maa 11111101 1. 1. 1111111101. - 1100110101, 1. 20. 113. 1111111.)
11011111, 1111 11111 1111 0100111111111111011 0101100101 1, 4. ma

 

