1621. ·

60. 161111.

30. 1161111.

61. 1161111.

61. flattu.

10. 1611116.

13. 1611116,

16. Aprilis.

15. Aprilis.

16. 1611116.

16. 16616.

18. 1611116.

20. 1611116.
21. Aprilis.

968 116116 6111661116 6611 1161166.

’11666 Hert. 1116611616 61 11616166 161161 K. 1166161 n. 16611, 16161 han, 61661 166
66111616111113, 663161116166661116166166611666. - 6611616, 6. 30. Μ6116. (Latin.)
1116661111 6. 8161161 1 1161661613, 66611111. 1166116 11161, V. 80. ⁶

’11661 811116166 116 11613161 1661161116, Μ6113161161661111111661 61 111666611-
1613 63 11611. 161116111166661611 611111166163 111 11. Chr. lv. 11611 66 bede 1661 616
611166611666 6166 11161116361161611111616, 6111611 666616366 666 61663611616 863, 63
om 66161616 61663116, 1166 66 6661166666 8166661 111666 vente 611661, 161661166 61
6666616 66 61 6111666116 81611661, som vise sig 16116666. - (30. Μ6116.) 111661.)
1116661111. 10661,111666166616.-61161661,111163 Ι. 142. 1

’11662 811 11116111616666116666616 1116611611, 11611 1611 1116666161, 6111. Chr. 111.
1661611161661113 1666 6166111161666 61 166 66111161 311000 111666. - 31. 116116. (66361611
1116661 1 6611, 1161 convent 166 86361613 1611, S. 28.

’11666 Bon. 6311116 1661111613 611116 616666161616161116 66061611616616611
61661116113616 1611666 1116116111 11666661666166, 11611666 63 816113, 66116661 161161 11166
1166111611. - 1166111119, 31. Μ111. [161. 63 1116661. 1 6611, 661 convent 1611 863616131621, 821.

’11661 166116163 61661111, 6661661611111611616166 161 116166661166161666 86616161,
16616666111666661661, 811166 6116661166 63 Ν1661166 6661166661166, 161 Carolus Ν1611166
63 wilhelmus 16666666, 661 366 som 1166661636 111 Hert. 61 8166113 6311616166 161 61
66661166616 1666 ham 61116666661166161666[1666611666 1 11666 Laude 63 6636163611 61
6661816616611166166.-1161661666, 66666 Μ61111. (1161166661.) 6116161616161136361.
81611611166161.11166163661111,1. S. 169-16. - .

*11665. 11. 13611. 111666161163111111. 1166116316663111.01611161111 om 61 16-
3116 613 111066666 631161616363166131136166111616166 661, 1111111166 116166 01111661-
61636166 616116 3661316166 dem 61 16611616166. - 11. 11116111. 66163666611116166,
161166136616166666 63 866616666161666 11161. 1 [1616116118.352.

’11666 11. (1616111. 66166661 11. (16616111. 16611 om 61 66136 161, 6161611616
6666661636, som 161663666661116661611, 616 1616111666 med 6166611131166, 63 3161 1111136
6661611666] 666, 616166616 0663661116 6666 116666 16161161 613 1 666616 16116666. -
1166666166, 6. 13. April. 611. ι 6611611613, 6616111. 16616161. v. 5.

*11667. 1111616 [1.]611.11111161111, episcopi vibergensis, 66 1661616111 6611616116116

116116166616 66 11116111166116166616. - 11116136, 13. Aprilis. 161661611111666111. 11161..
11161. 63 11616 S. 699-700.

6001. 1116661. Ι 11661 01616, 1 816636, 66661, 611161. 111. durch 86116361 11. 168 63 1 86116361,
8661116111116. 66661. ΙΙ, 2. S. 119-22.

’11668 11. 666. 1136 6161 111 1116166666 1 1111681111631161161116116611 666111161-
1116, 6166616116 66666, 61661161161666 161113 1666 1161116113 63 1111116166 11616, 1161111
Made Nielsen Buk skal vaere 1611161. - 16. April. 11611616861111111361111.119-20.

’116611 11. Gna. 11.’61161111163161111611661 66 1611636 6316161611616161111 61
6616116 1661666161 66611 111 1 111116. 61 16616116 61 1166111161611661 161 6161166116. -
Frederichsborqll, (1. 16. Aprilis. 11116681166661611668.]3-14.

’11616 1111161661116116116666616 111 11611611 6111 11. Chr. lV.’s Tro 666 61 1611116

vinde 666 66661666161616 111666 161 11. 11666111 61 Bahman. — 1616111. 1111136161.)
1161. 63 1116611, Ι Goll, 1161 convent 1611 86361613 1621. 8. 28.

6004. 6616611611 66136, 66161. chrm. 11. durch schnegel 11. 166-66.
’11671 (= 59891. 1111661611 2111611111. 1161111611, 1616661661 von 86361613 1621, 8. 26

 

