1630.

9. 111111.

14. 1111111.

15. 111111.

15. 111111.

16. 111111.

21. 11111111.

22. 111111.

1172 Kese 011111111111 111111.

*14008 8111111111111111111 111 11111111, 111111 han bl. 1. 1111111, 11111 1111 ’
[11111111111111 1111111 11. 611111 11. 1111111 1111111111111 1111111111 1111111 1 Ηο11111 11 ῗ

1111111111 hos Κ. Chr. 111. - 1⁹5. 111. 1111111. 1 (11111111, 1111111 relat. 11 11111111111111111111111 3
111111 01111111 1111111111 1629430 S. 57.
*14009. 8111111111 1111 11111111 111 11111111111111111111, 1111111111111111111 '

med 01111111111, som 1111111111111111, 11 1111111111Ι 111, 11111111111111111 11111111 1111,
1111 1111111, 111111. Chr. lV. 111111 11111111111111111; 11111111 111111 han 11111111 ham
em 1111111 111, 1111. Chr. 111. ikke 1111111111 111 1111111 111 11111 1111 1111111111111

1111111811111111111811111. -1111111,24.111. (11111111.) (11111111,111111111111.111111
11111111 11 8111111111 111111 (11111111 11111111 1629-30 S. 57-67.

*14010. 11. (11111111. 11111 kessler 11111111111111111111111 81111111, som

1111111111011111111111111111111 111 11111111. - 8111111111, d. 1111111111. 18111111.)
111111 1111 1111111111 81111111 11111111 hist 1, 85. ’

*14011 81111111111111111111111, 111111 11111111, 1111111111111111111111111-
11111111 111 811111111, 111111111111111111 811111 1111111111, 1111111111111 lettelig skal

felde i 11. af 1111111111 11111 11111 11111111 Η1111. - stettin, 15. 111111. (1111111
1111111. 1 0111111, 611111 11111 11. 140, 1111. 2.

*14012 11. 611111 11. 111111 Memoria} 111 1111111111111111 Hans 11111111 111
hans 81111111 111Η111111; han skal vaere med de 111 11111111 8111111 1 11111111 11111111

11. l. April. - Slocklwlm, 11. 16. Jamlarii. (Svensk.) 1111111111 1111111111. 1118111111 1111111
hm Ι.86“11013. 11. Gne. IV.'s Μ1111111111 om [1111111111 11 14-111111 8, 4, 2 og

1 8111111111111111, 4-111111811111111 11 2-1111111111111. - D. 21. 11111111. scherling,
Pengenee 11111111 111111 S. 430.

’14011 1111 1111111 111111111 111111 11111111 111111111 11. 611111 11. 111111
11.(1111.111.’1Μ111111111111111111111111 i 11111111111111, Sverig 1111111 11111, 11111 11
1111111111 11111111 1111111111 11 1111111111 1111111 11111 111111111111111111111. - d. 22.
1111111111. 1811111111.) 1111. 1 (1111111111, 81111111 11111. 11111 611111 11. 11111 V, 131111. 38.

’14011 11111111) 111111 1111111111 1111111111 11111111 11111111 Fris med Taksigelse
11111111111 1111111 111 11 111111111111 11111111, men 1111 1111111111 111 11111111 som
Biskop. — Kiobmffle, d. l. Febr. 11111111111111111111111111118.260-61.

*14010 01111111111 811111111811111111 111 1118111111 11111111 pommerske
11111111111, 111111 111 1111 1111111111 mod 111111111111111111111111111111111, 1111111
om 11 1111111111 111111111111111111111111 1110111111 om denne 0 11111 11111111 1111

31111111111111111 111 111 1111111 1111111111 111111111-1).1.11111. 1111111.) 8111111111
1111111111, [111111111111111111111111 11111111 Germanice 111. 374-16.

’14011 1111 11111111 1111111111 111111 1111111111 11. 1111111 11111111 111 11 611111-
1111111 111111111Η11, 11111 11 hamburgske Forhold 1111111 111111 11111111; 11. Chr. lv.
havde 11111111 ham 111111111111 Μ1111111111111111 11111111111111 8111, 1111 11111111 1111-
1111111111 med 8111111 01111111 med Η11111 111 811111111. - Ce 41111. 11111111
1111111. 11 1111. 1 1111111 01111. 1 (1111111111, 81111111 11111, 11111 1111111 11. 1111111, 2. 33-31, 38.

’14018. 8111111111 Ros skriver til 11. 11111111 1181111111, 11111 11111111 Ge-
11111111. 1111111111 11, 1111111 han 111 11111111111 1111111111 1111111111, 111111111111111
111 11. 11 311111, 1111011111111111111111111, som 11111 er 11111 11111111 111 811111, 11111111

11111111111111 111 11.111)1111111111 1111111111 81111111. - 11111111, 11111111. (Engeksk.)
(11111111, 1111111 relat. 11 the 11111111 11 8111111111 111111 01111111 1111111111 1629-30 S. 72-71.

 

