111111 1111111111 1111 1111111. 1179

*18611 1111. 13 1111111111 1111111611 111 1111111311 1 1111111113 113111111 8· 1111111.
8111111 111 81111111111 1111111111, 8111111 1111111 13 11111111 0111113111111 1111113 111
11111111111,’11111111131111111111 0111111111 mod Erstatning3 endvidere 1111111 1111-
11111, 11111111111111 1111111111 1 111111111111111111 med 11 1111131 5111111 11111111-
1311111111111111111111;11111- 11111111, 81111. 1131111.) 111111111111111.(1.1111111111111.
1. 1111110111111111111111.111. 179.

’186111 111111111113 111 111 13111111 0111111 1 1111111111 11111 1111111111 1111111111
11. 1. om 8131113111111 1111111111 1111111111 811111311113, 111 1111111111. - 21. luni.
(Spansk.) 1111111131, 0111111 111311, 0111 1111111111 11 1111111111 S. 120. ’

*18616 8111111111 111 111 11111111 111111111 1 [1311111111 6111 1111111111 111 11. 1111111-
51111111111111111111111, 11111 11111111, 11011 Hannibal 1811111111 3111111111 til Η111111311
111111111111111111 Β311; 111 1111111311 113 111 11 1111131111311 111 11 stille ham
11111111, 11111111 113 111111 1113111111111131. - 21. 1111. 18111111.) 11111111111111111311,
(11111111111111111 1111111111 S. 1211111. 1.

’18611 1111111611 af 8111111111 11111 1111111111 1 1111111111, 11111 1111111 12- 1111111.
1111111 11110111131111 111 13111111111311, 81111111111111111 111111 111111 1111111111,1111111
13111111111111111111111111111111 1111111113, 111 Η1111111 1111111 111 11 neder— 13
11111111111111 1111111 skal naermere 1111111111 11111. - 111111. 1131111.) 11111. 11111311,

11111. d. 1111111111. 1. 1111110111111111111111.111119-80.

118618. 1111. 131111111111 11131111 111 1111111311 1111111113, 11111 1111111111 12· 1111111·
1110111311 11111111 111 1111111113, 111111131111 1111 131 11311111, 0111113118111111-
11111111111, 1111111113 som Betingelse for 1111111111 11111111 1111111111, 1111. —
Flemburq, 121111. (Tydsk.) 011.11111]11,11111.1. [11111111111. 1111110111111111111111. 111. 180.

ί18619. 0111111 11 8111111111 111111111111111111111111, 111111 under 111111- 11111111·
31111118111111111111111111311 11181111111111 0111111111; 11111111 13 1111111111 1111-
11111 11111111113111 111111111131111 1111131 111 01111113 1181111111111111111 131111111-
11131111111111, 1111111111111111131111111111113111113111 111 11331 0111, m. m. -
14. luni. (Tydsk.) 1111 1 1111111, Vera. d. 1111111111. 1. 1111111 0111111111111111. 111. 180-81.

*18620 1111. 13 1111111111 11131111, 11111 1111111 11111 111, at 11111111 13 15· 1111111
11111111111 13111 ville 1111131 11 113111 111 81111111111111111, 13 11111 111111 111 1111

separaterklaeringer 11. m. — 1111111113,15.1111. (Tydsk.) 1111111111111111.1111111111.
1. 1111110111111111111111.111. 181-82.

*18621 0111111111 11 111 1111111·1111111111111111111111 m 1111111111 1 111-1111111·
Fumone, 111111111111111 undskylde‚ 1111111111 1111 113111 113113111113111 1111111113,
11 811111111111 1111111111 13 1111111111 11111111 11 1111113·11.-15.111111. 1131111.)
011. 1 1111111, ven. 1. 111111111111. 1. 111111101111111111111111.111. 182.

’18622Ι Qvadruplik 1111 1111111-1111111111111 5111111111 1111111111111 1 111111- 16-1111111-
1111, 11111 11 1111111 111111111113 01111111111111113311111111111111131111 111 01111-
111111 13 111 11 lade det 11111 111 111 111111 11111111111 113111 111 1111111113 11 811111-
11111111111; 111111 1111111111 1111113111 11111 81111111111111113; m. m. - 1111111113,
16. luni. (Tydsk.) 0111 1111111111. d. 111111111111 d. 11111110111111111111111. 111. 182-83.

’18621 11. 8111111. 31111 111 1311111111 (1111111 1 1311111111 Grev Rebolledo 1111111111-
Τ11Ι111111 111 11 11111 hjem 13 111111, 11 1111 1131111 skal 11111 111111. - 261111.
1811111111.) 1111. 1 01311, Grov 1111111111111111111111 S. 207.

 

