1111 11111111 111 111111.

*21031 11111 1111111111 1111111111, 8111111111 1011111, 111101111111111111 1111111.
1111111111 111 11111111 111. - 11111, 1. 16. 1111. 11111,11111111111111111-11.

’21032 K. 11. 111. 1111111 111111111111 11111 Funch 11 111111 1111111111 11 11. 111111.
1111111 1111111111, Bure· og Lange-sn 111 1111111 og 1111111111 111 8111111 1111-
111111. - (11. Dec.) 111. 1111111111111111111.

’21033 41111111 1 811111111111111, 111111111111111 1 111111, 111111 01111- 1111111.
1111111111111111111111, 1111 01111 81111111 og 111111 1111111111611111111 1111111
111 11111 111111 11111111111111811111111101111 11 111 1111111111111111111, 11111111
1111181111 1111 11111 1111111, og bede 1111 111 1111111111 111 1111111111111, 1111

1111111111 1111111111 81111 111111111111111111111 1111111111. - Sanam, 1. 17. 01111.
11111111, 111111111111111 S. 116-17.

’21031 11111 1111111111, Ρ111111111111111111111,111111111111111111111111111 11111111.
11111111111111, 11111 11111111111111111 111 111111 111 11111111-,0111111 1. 11. 01111.
11111111, Et 1111 1111111111 8118.

’.21035 1111111111,11111 1131.1111111111811111111111 1111118111111 1111111.
Μ111,11111’111111 111 111111111111111-6111111111111111, 1111111111. 20. 0111111111.
Ny 1111111111. 81111. V. 331- 31.

14307. 811111. 1111111111 111. 111111·1111111811111118.393-09 011. 111111111, 011111 30 mehr,
111811111111111111111111111 8. 173-70.

21036. 01111 11111111111’1 1111111111 og Forslag 1111 1111111 1111111111,
11111111 1111111111 og GJ‘aeld og 111111-11111 11111,1111111.11.91-118.
21037. 01111111111111111 1111111111111111 lusca, 8111111111 811111111111111 111

11 1111111 11111 1111111111 111 11 011111111111111111111111111.- 1111111 1111111111-
111111, 011. 1. 11111111 1111111111· 11111. 8. 211-19.

’21033 Dr. 11111111 1111111111 1111 1111111111 111111 111 11111111 111 .
01111111 1111111181. - (Fransk.) 11111111111111111111511-16.

 

