1456 11666 (1666166666 666 1666666.

111-11111· uiuus. (1666666661666666 1666161166, 1666611661666166166161681116, som 16-
11616 613 1 8666161 166 61 366 111 16 6666616 116666, 616116 16666 igjenuem med 11631 61
166 661661661616 116616 16616 ii. 61 1166666616 166161. - A 16 Bago, Μ6666611 11111666
(1111111. 1Η61161116111) Udi. i 1666106666. 1 163661611666 66666166 16166616661106661663 1. 287,

3116111111 *17241 816166166 166 666 66 66 666666666666 (1666666666 666 866616, 16666166
1⁰· 1111111· 16116 11136 66 36661 161 66666 1661616616611163 med Danmark3 16 6616 1666616611616163-
1663 61166 66161663 111116166161, medens 161611611166161666616661161661ς 16 8166616

1666 661661 6666 1611666166 661 16161663. -81661616166, 111611. (1616616111 1111. 1166661
066661 16366161666 66666166 1611666166 61 6106661663 1. uui-88.

*17241. Boron 66 1166666 816166166 111 1661111316, 16661 166 66616166, 6116
8666616 661 16666 1611611 1 11666666611666116166116616166166111636666, 16 16 6616 16616
6166131 K. 61 1166666616 111 1663166, 1666116166, 61 'Gallos 66 666 116666166 111 [16666661. 63
1666611166 616 061616163 61 16 661111616 1661611 1 1631661 63 666 1661166161. -11166
Datum. 1111. 6. 1666611 116666 116166166611111111. 343-46.

’17242 Boron 66 1666616 161166616163 111 1161666616 om 11. 6116316616 661111616
81111163, 16661 166 6116166, 611616 16661613 1616 1166366 1111116616, 6111616116 6661166666
166666163 mod 11. 61 1166116661. - 11166 Datum. 1111. 6. 6666611 11666616661666 xxvii. 316-16

17243. Don 6666616 111361666166 16666 0166666661 666116166 616 Son 16166
0166616666, 61 166 6666616 16366163 611 661636 166 1666616 63 16 661661661616116-
66611666 16631163, 6661666661 1166666616 636666616366166; 66161166666616166166 86666666-
616161 16611616 166 6666616 63 166 166616116616 sami Μ6161616166 mod Grov Vaidemar
(1161611666 6116666661 1 11661661. -.81661616166, 1. 1. Augusti. (Sveosk.) elumolium
1161616661 0166616666111116166 0166616666 1, 1. 134-37.

’17241 ii. Cum 1111616166 16 16 61 6166 16616161666 6116616136166 6666616
116616 61 1 1161666666. - Tresoldiyiued for 16666666, 1. 2. August. 116666,616366666161166366
116116 8. 164-65.

111245. 11116611. 1616166 16166 Gaii 61163166 613 111 1161661666, 16 166
»ikke 66 11181616 1663666 61 bruge 1666 66611661666. - 12. August.) 116666816361666
1161166366 116116 S. 174.

*172411 K. (166. lv. 161616616110116666 61 66116 61 1616666 111 63 661666, 1666-
166 166 6666616 116616 66 36661, 61166 61 166 summe Nat 66661161611611116166116611.-
1611161111ρή61 for Christianum, 2. August. Bruun. 8163616661611663661161168. 160.

31161111· ’17247 1161166666661611666 111 161166661611 1166166 11666; 1661 1666666 816361 1
1 111616611661, 63 1666616366 316166 613 6666 161166 1611136 1111611 166 166 6666616116616.
- 8166116161, (3. August). (81611611.) 11661616.16661116666,81636616661611663661161168.111. ,

3. Augusti. uiuis. 1666666 (166666611161666666 Oxeustjomam 61 Iohannem 11166666 861- i
vium, 1636166 86611666 6166611661166666 066616636666661 11116666, 16 quibus commemorat,
nulium librarium 6666, qui 6166 66661666, quom 6 cancellario 16666166 impetrare 666

666611, 666666 16111 [166161 66661666 661661. -16161116, ffi Augusti. 116666, 6161666616 ᾗ

u. 11616616616 8616611366366 V. 71-78.

*172411 116666 666 1666666666 16161166 1161666 166116661 111. om Tilstaudoo

ved Christianspris og 666 Louis 16 (16666 116616- 1666616666, ἦ. August. 1161611
866161. 1 86666, 8163616666 1161166366116116 8. 222. ’

 

