1629.
3. lunii.

3. 13111.

12. 111111,

15. 111311.

15. lunii.

1162 1313 (1111131111 331 1131133.

*13900 1131331 1311111113 11.’3 113111131131 3111313113113131 med 1131111311 31

331113] (Nr. 69961. - 11131111, 1. 11331311311311 Μ3331113-Τ33 111111. 113131.) 3131133.
0111131. 111.“3 11111 S. 670-16. .
*13901 Hert. 1111113331 31113311311111133 811113133 111 0131 03113113, 111311 1131

31113131, 31 1131111131313133 13 1131131 313 313113313 1 Η313131 1111311133 31 1131313

1131313133. - Kestrau, 13111111. (Tydsk.) 011311331311131133331311.1131111311111111111311.1111313
1311313113 S. 147.

*13902 11. 11111. 1.’3 11131 111 11. 11111111, 111311 1131113113131, athan 331131

133111113113311131311 1131 1311811113. - 1133113131, 3. June. (Latin.) 111111 1113-1
11331113, Third 1133311 S. 50

’13903 11. Cen. 11. 11313131 111310311311311 31333113 313 1111111318311131131311
33 3131311333 1313113331 333 8131131 31131 13133331113331111313311. - Ηα3313133111310313,
15. 11111.) 1131133 1133311. 3333331. 1. 311313-1313111131. cason. 11, 13333. s. 35.

’13901 11111131 1131111111 111331131 111111. 31 Β1311131111113 33 1131111131 0333131-
313131333 011131 11111111131031311 33 113331113113 1 113111311 313 31 13131313 13 11313
3103311311, 3311 111113 1113333313111313 31 1313 13111113131131. - 11333, 16. 1311. 113131
og 1101133131.) 11111. u. 131331113131. 033311. 1. 1311113131 131 81311311113 111. 228-30.

’13905 [13111133111111 31 03113133 11131 111 1131113113103313 3183311331, 111311
1131 bl. 3. 3113131 1133331311, 31 13 311313 1333311133113333111113131131311113111, 8133113
011 Η313133 11131 10 11333. - 911111. (Tydsk.) 1111. 1 (11111311, 1131331311 1625-311 11. 106.

’13900 Hert. 1131133111 31 1113113113 811113133111 (113103113113, 1113111131 311-
13131, 31 113333113 31 31 111311 1131331313 111 31 Κ. 31 1133113113 Laude. ·- 1111311311,
22111111. (Tydsk.) (11133133131113113331131 111311113111111111133 11113131113113131138. 159.

’13901 11. Can. lv. meddeler Hert. Adolf 11313111 3111331131113131131333111-

31111111113. — 15. 111111. (Tydsk.) 1113131.33111110131133331111111.1.33111331.-113131.-11113111).03-
33113311. 111. 127.

’13903 1133311311311113 11.’3 8131 111 13131313131111111131313 1133331131, 111311
1131 111, a. 1131113131, 31 1133 1131 1131, 31113113111333331313331311111311311131 3311
1131131313113, 1131 1131 jo nu 1131 31111131 1131 1131 1131111311 11131 31133 33333 813133-

’ 3131313133. -25, 111111. (Tydsk.) 111133111313110111131311311313111695-3011.156.

15. 13111.

17. 13111.

19. 13311.

19. 13111.

’13909 Hert. 1131133111 31 11131131113811113133 111013103113113, 1113131131 0113131
111111331 111 3113113113 13113 313 111113113131318131, 1131 333113111311313113131 111

11.31113111311,11131331113133111131313111.- 11131133, 2513111. 111131.) (1113113311,
1113 113333131 1. 11311113 111 11311133 1. 111313 1111313113 S. 159.

’13910 Hert. 1131133111 311113113113 1113131131 0131 collalto til 31 1311333 Kej-
seren 111 31 3313331131311311133133133, 331113313; 311313113111131111131 31111111, 1111 1131331
131 33 111133 311 11331331 111, 11131 1131 111, 33 113131 3311 11131131. - 11111133, 27. 11131.
(Tydsk.) Ghlumeeky, 1113 113333131 1. 11311113 111 11111131 1. 111131311311313133 S. 160.

*13911 0113311113 13331311111133 31 1311311311 11311131311 33111111, (1311111311)
1111311111 suum 1111311311 ablegandum ei 13131131311111 3333, 31 33 31111 11113 3311311133
dies visitatum esse, 111 11131 3113311113313 011333 11113 313 academie Sorenae committendo
consultet. — 1131313011φὶ arce, ΧΙΧ. 1111111. 1133131103313111. 494.

’13911 1131 3331131313 0331111111111113 1131311113 111 11311. 131133 03313, 11131·
31131 13 331111333113 1313311133 83113131 13113 111333133111131 sig 33 31 01131311 31313313
1131331333 Μ31131113. - 191311. 111131.) 1111. 1 (11113311, 1111111311 1625-30 11. 1116.

 

