113113 Flammam 3311 Τ331113. 1595

*18791 1133313333 811113133 1111113313133313133, 8133333133 3311133133313133, 9811515331

131 3333133 33 31 1313 Hannibal 8311331313 833 1133 1133333, 333 31 han kunde 133 31
Len 1813131 131 3131333133, 31131, 13131133333 ej 11113 111333 11333 71333313, 31 han
da maalle 3333 71333313 1 [11133131. - 281331. 1111. og 33311. 111111. 1133113. 311. 1. 681-81.

’18798 11. Fa. lll.’s 83131133 111 11131133 131313 Anderson 1 13111313, 311133 skal 11. 13311.
11333 033313131, 31 113113133 131 133 13113313 81313 131, Μ. 11333 1831111333, 11133
1133333 1131 13113331 331 31 11313313, 3331131 313 8331111133, 33 13133113 33 ay. — y
(27. lunii.) 13333111. 3131. 3. 11. 111. 1131.

11132. 83111. 3111313113. . 3313311.

*18798 1113311133311,83333313311733331333311313118113133Η31131, 11133 30. 13311.
1111133311, 8333331331 1 11311113, Mans 81113311, 8333331331173313, 3311333 Clausala,
8333331331 1 1111131131, 31313113 1133113111 331133 113131317113333333, 1311133 83333-
31331183333113, 11333 Bam 33 1131113131131, 33 8333331331 3333331313, 333333313
Ν33133333131. - 11311113, 1. 80. 13311. 1111313111. 33311138-41.

’18791 1111111133 Μ133113 111 Eril luel 3113311331, Β3131133331.333Α31- 1. 13111.
113131133, 31 han 3131 1133113 313 3131111 311 Len 33 131131 111313 3111133333 33 (13131-
1131131333 ’1133313 1 13 3311333313 Η3113131 1313 3313313 33 81133133 333 11131 8113 31
131131131 (111 1131131133). 811313 33 1333311133 31131 3111313133 ham 3173113331. - 1. 1311.

83311. 113131 11131. 33 733331. 11111. 258.

*mmm [illamam 03131 1 lljabenhavn amager (11131111 33 31 maalle 1131313 911111.
Lejen 31 13311331133 131 8111113131, 111311 11333 iader 31131 83131131313331 111 113111133
81331 1131113333, 333 11333313 Μ3113133, 113113 3131 1000 1111. 1110313- 1133111113,

12. Juli). 17311311.) [1113113331111313381331331133891.

*lama 1113111331333 111 0113113391ἰί3, 1133331333Μ3113331, 31 han 1111111.

3131 31313 33 1133113133 33, 3183313133 1 13331 1311333 1 1111131131 333 8133133133 131

11313, 13 133 333 011131 113131 33131 11333 Len. -4, 1311. 313111311111111. 33113331.
llll. 958-59.

118797. Ta 333333331133111133 1318313113 111 8131333131, 31 13133 8111113 313 1113111.
1113133 331113313 1 0133331 1111333311 833311 311131133131131111333111113.- 61313. 1113331311
81313 Papam. 1133. 831. 16113-81 8. 7.

*18798 1le 1113111131 11331133133 1 8133111313 131311331 33 83333 331 Cori. 7111111.
11113111, hvis 713331111311 Friis 1131 1311313131 31 31313133331131133; 1133333 331133131
11313 ille 13333 033311113113333. - 7. 1311. 11111111.13111.1111311.111.401.

’18799 1311131113 11331111 31 Nicolaum 113133133 33131313, 13 333 333 13331, 31 14- Julll.
13813313031311131331111311133, 31 31 3311133133 commeaverit, 11333133 3111333 3333

333 Wormio, 831111311313 33 93133113 3313131. - Patavii, 1111111131. 11313133333311333
3313131333 V. 464.

*18800. 11131133131131 Bouana 3111131 111 81313133313313333, 111. a. 31 31 31 1311111,

11333 811113 1131 indm-agl 33 13331 11133- 181313. (11333131.) 3313133313 11331. 331.
1113-31339.

118801. 1131133331111133333133311331111311 111 81313133131 om, 31 1313381113 1313111,
maalle 111113 1331331313 111 113311313. Paa Grund 31 11. 3103333113 113113133 kunde 13
1113 33313 3133333 833131. - 16. July. 1833313111 slata 113311. 11331. 331. 1633-34 s. 31.

*18802¹ 1133333133 113 Commius 0131333 131 111 33 13333131 113113 11133313133 18Ι Julll.
011131331113333338311331311) 33 31 31111113 ham 13313 1313113 1331133333, 13 1133 31

 

