1313 1111131311 331 Τ33313. 1647

’19393 1333111311 33 0131111111 1 111311 1113113 3313313313333103133113333 1411111·-
31 0333131333133 13311331 833333131133 33 1133303333 133 0313111133. - D. i. April.
1131 1 111331, 0113 Byr iiisi. 113 Reform. S. 511-46.

’19394 033 11333331313313 6313331 1 1113133131311111131313333131 1311113133, 8· Aprilis.
31333 3133313 01331331331131 13133 13311110131131313313133, 31 1113 1333 31 313133 ira
033131 331 1313331133 1 013313113113113133, 333133 133 111 31 1333 313 111133. -

ῑ“,.13111. 1113111.) 031113 0111331 1011 313133113631313111111.1113311311111131311330133-
3331313 1111. 181.
*19391 033 3133313 1111313331 Missus 0113331 3111131 111 Rigsmarsisn 6113131 9- Aprilis.

11313, 31033 1333 1133, 1133 131131 113131 333. 031 133131 op. som om 33111133 ind·
tage 1131333, 33 333 maugier dei 311. 1133333 31 13311333 11331 13133. 031 er 3331
1313, 31 333 3133333313 1331 ikke vii yde 013133, 33 111 333 ikke, 111 33 33313
1333133133 1331 1311311113. Chr. 81331 sisi have sagi: 11113333313131133, 3133 133

331131133133103333113. - 1033331333, 3. 9. 131. (813331.) 11111111111113131111111.
189-90. 013311, 1 033 81133313 1131331131 1163 8. sis-80.
11988. 0311333111 11133111 133 13111113301333113133130113311183113. 1111313, seis-80. 10. 1311111.

’19396 033 11333331313313 03333311 [1131331313 1113131 311113111111311113133, 13131113.
31 03331133311333133 13311331, 813113 33 033331113133 133331 3313331; 33 3331113 031313-
3133113333 13133 313331 333 33 111113 831131311133 31131 1111333. - i} 13111. 1113311
11311 011. 31313331. 1. 63131. d. 11311111331131011113113133 0133333111311111. 181.

’19391 1111111133 131311113133 111 113113 1113113 1131311113 333 2000 11311. 13· Aprilis.
833313 mod 6 3. 0. 03313 33 0331- 13. 13111. 1111.1111333,111111113.31.

’19390 ii. 13. iii.’s 013133313 om 11113113113333 0333113133133 3313131313133 is. ipriiir
i flertugdsmmerne. - 111131 0311331113 111 0333313331, 3. 18. Aprilis. 1113311 33111.

ai rororis-1939& 63133311131333113113133131311333331 13131131 111 01331313331310311- 1⁸· *⁹⁶¹¹*

dori 331 13331311313333 133 333 131311333333 03311113133 1 813113, 313 6113131 0111313
111313311103313311, 331 3333133333 111131131313331 113 Polou, 313 1133333, 33131 1113 Bs-
13113133333183331133113, 11311118311313133 33333 131113133 1113331, 3133 13133 333-
1113331 sig. -8133111131111, 18. April. 0331138331111218-19,

’19400 033 11333331313113 033333111131331313 1113131 31333313111311111133, 19. Aprilis.
31 33 331110333331 13133 1311 11313313 hos 1133333, 3313131 3313131311 111 31 11111333
331 13311331 Polou, iiejssrsn 33 81311. 3111131133 313113331311333. - 11. 13111. 1113311
Udi. i 011 u. iriensi. r. 63331. 3. iiuri. Friedrich Wiiirsim 1113 01333331313 1111. 181.

*19401. siriveise 113 333 33331113 031333131313331131311[1131331313 81133111, 19. Aprilis.
1131133 133 111 3313333313 8111131333 31313333313131 Professor vilium 13333 3331131331
01313111113113111331381113113 31 113333, 31313 31131 enites. - 11113111. (Sparsi.)

0311 1111131111. sami. 3. 11. 1116111. .

’19400 111113. 01333133333 81111333 111 333 3133313 03313331 1 [1131331313 21· 100111·
1133333 03131, 11311133 3131331 313 3131, 3133 333313 83331 13311 synss 3111113 1313133
11133 1131313133, 33311 311310311331333133133 113113313 1311333113331313 0133133 81111.

- Marimbury, d. 21. iprii. 1811111311.) 0338133113 1131331111 V, 4. 187-88.

’19403 0131 ira 1331131113, 11311. 311131133113131, 33 13333133, 1333313113131 2100001
31 1133331313, 111 ii. 3103313311, 11311 3131333133 mod 033133113 133131 333 0131333
03 13111311. - 21. April. 11133111 113111113131,0313131133331313. 013331311331011.

2070

 

