11111 (1111111111 111111111. 1409

1643.
’16130 Hert. 1111111111 ΙΙΙ. 11 01111111 8111111111 111 11311 111111 1131111111, 11Ι octobr.
111111 han 11111311 sig 1111, 1111111311 1111 111 11111 1111111 1111 1111 1111 1111131
8111111111 har 1131 1111133111 111 11 111111 11 111111 11111111 11 alle 11111 011111111111

1111111111,111111111311111111111113111111111111. - 11111131, 11. 011111. 1131111.) 11111
01111111111111. 1111111111-11111-1111111. 6111111111. 1. 1111111111 (111111. 11, 2. 128.

’16140 111 1111111111 6111111111 1 0111111111 11111111 11111111, 11 11 111111 11011011.
6111111111 have 1111111111111 111 1111111111 0111111111 1111111111111131111 1 1111111111
11111 1111 111 8111111111 111 11 1111111 113 111 111111113111111. - 0111111111, 1. -
21. Octobr. (Tydsk.) 11111111,11111111111111111 1111111111-61111111 11. 78-80

’16141 11611111. 1111111 111111131111 11111113111111311111131111111Ν11- 13· octobr.
11111311111 111111111131111111311111111113111111, 1111111111 111 111 11 1111111 Μ11-
111111111111111111111111111311 1 1111111111 1111111 11 1111111131 11111 Principalem Mening
111 1113111111 13 1111111111 11 (111111111111111. - Ans 1111111111 11111111111113, 111
13. Octobr. (Tydsk.) 11111111111111111111111111111111-0111111111. 49-11.

’16140 11111 11111111 111111111111111111111111111113 111 11 1111111113 111 811111 14. octobr.
111111, 1111111111 111 111 lade 111131111 111101111111311111 111111113111 0111111 11111
131113111111331111, 1111 111111131 111111, 11 11 1111 have 11111111131111, 1111111111-
111111113111111111111131110131111 11118111111111111 111. -81111111111, 1. 14. October.

(Tydsk.l 11131, 0111111 1. 1111111180111111111 11. 238-16.

’16140 1111 1111111 1131111111 11111. 01111111111111 8111111111 111 111 8111111111 14011011
Oxenstjema‚ 111111 han lover ham [111111111113111 1111111111111(11111111111111. -
stockim, d. 14. 011011. (81111111 61111111, 31111111111110111111111111111111110111101111
1, 4. 94-96.

’16144 111 1111111111 (1111111111 1 0111111111 11111111 11111111, 11 11 1111 11011111·
111111111113 1111 8111111111 11111.11Ι11111111 paany have 111111111111111. 11 Μ1111 13
11111 111 11 11111 11111 (1111111111 111 1111111131111111- 0111111111,1.25.0111111.

(Tydsk.) 0111111111111111111111111 11111111-0111111111. 811.
1’6145. 1111111111111111111111111 111111 811 0111111113111111 111-16011111-

111111111111111111113 paa 1111101111111111111.-1111111111,1160111111.111113
11111111. 111111111111, 5. 11. Ι. 11.

’16146 1111111111, Κ. 11 1111111111 11111111 111 111 1111111131 Hor, 1111- 111111. Octobr.
1111111 111 11111111 11. 11 1111111131 6111131111131311111 111, at 11111 1111111111 ikke
11111 111111111111111111113111111, 11111 1111111111 ham til i 011111111111111111 med
1111111131 13 1113111111 011111 1111 at 1111111 111 1111111111 813 111 111 111111111131 11111-
11111111- Uden Datum. (Tydsk.) (11111111,0111111111111111111111-0111111311.89-90

’16141 Κο]111111111111111111.’1 8111 111 111 1111111 11111111 1 Wien, Bieden- 11011111.
bach, 11111 han fremhaever 111111111111111111 111 111111111111131 1311111111111 Ge-
1111111111111111311111111111 111111113111111, 1111311, 11 11 1111111 11111111 111
111111111111, 13 11111111, 1111111111111311111311 1 hans 1311 (1111111111 1111113111,
1111111111 11111111 11111311111111 0111111111 1 111 1111111111 113- Wien, d. 1101111111.
ffydsk.) 011111111111311111111111 11111111-1111111111. 96-99.

’16140 1111111 1111111111 11131 11111111 111 (1111 611111, 111111 han i Auledning 11011011·
111111111111111111111111’11111111111 1111113 11111111111111111 1111111111 11111 111
111111111111111. 11 1111111111 13 11111111 11111111 11111 1111111111 1111111 1110111111111 .

11111 11 11131111311, 111 111111 01111111111111111111 1111111111 11111 111 11 111-

 

