1790 Kone 9110111111 111011.

..ψ-.- - . ....- --- .-.-.-.---..-- -..-———-——--———-—--——·——-..———-——.-

e. 1126011111. 20995. 1111111111 10 »10111110113111·, 11011111 1110 8111111 1111111 111111-

1111111311 101 111111113101103 111111111 111 1101311 0111110310 111111111311011 111 01-
11111, 01 1101310111 111111 11111 111 11 1111111101111131 -- 0111 Datum. 0110311011
111111111111111. 11. 11. 786.

1110111. 20996. 11. Fe. 111.’1 11011 Brev, 11 de Danmerke 111311 8111111111 1011111111
11111 11131 111 111 1111, 10111011111 03 11131 1111113111, 111 1101310 11111111111111 Re·
geringssorm. - 16. Novbr. Udt. 13 810111 1 81110311111111111 11111101111 1111111111 S. 12-13.

16. 110111. 20997. 11111131 01111113 111 0131110111, 11 1111111111113 1111111131-
1113101 1111111111 11111 1111 1011111111 18111110113111, 11111 101 011 1011111111111111
1111111111 1 11131101 311111111101. - 116. November.) 001. 1111311101, 11111111 10011111-
111111 1111101110 S. 165. ·

1110111. 20998. 8111111111111111101100110101111 111 013111 1111113, 1110111111 11111-
11111 1111111 6111 811111111 11011 1111111111· 11 111 111111111118111 1111101 111111
111 8111) 01111 111 1111111 2411131 1113111, 111 111111111011111110111111 111. -Pan'si,
li 26. Novembre N. S. 1111111181.) 111011.60118111110011111118169. 1111111 01010.8111111.3.91-92.

17, emer, 20999. 8111111113 0111111 11 semme 1111111 111111οε1 01 0110111111 11
11101110 01 11111111 81111, 11101111 11 11111111 K. Fr. 11131 11111111111113 03 lese

1101311 111 hans derpaa 1111311 111-1010110001, 1. 11. November. Brenn, 1011111111 111-
1010111 1 1111111111 S. 166.

31330113 21000. 11111101 111111, 8031111111 1 0110111111, 1110311 1101311 em 11 61110
11 1111111111 1111111 81111, 10111111 03 1111111111 ikke 11111 0111011111 11 0113111111,
11 8111111 1111111111111 111. - 0111 Datum. 111111111111111.1124-11. 11). 11. 101.
1111111111100 8110 81111011113111111 1101101113.)

13 Nom, 14219. 11103111, 0111111111 11.“1 11111010 8. 108-09. 011111131111,0111111511111111111
1111101111 S. 161-68. 1111111. 1 111111111111111111 11111111111 0111111819.

1110111. 21001. 1111111318010111. 01 11011111110111, 10311111110111103 1113110311

m. m. —- Vari Sloe 11001111αῇ11, d. 18. Novembr. 81111. 1111010111. 11111111111001, 1111111111
1111111111 1 01111111 8. 45.

19. 3,,3, 21002. 1011113 11131111 111 1101311 11 01 {immune 11 01 110111 8111011

om 101111113οη 11111111111111310 11111111. - 119. November.) 1111. 1111131011,1111111111
80111111111111 1111101111 8. 168-69. 1111. [01111111311101111108111111. S. 166-67.

19. 10111. 21003. leus 1101111111 1111111011, 80311011111111110311111131,1)11111101311
om 11 1111111 11110111 111 8111111113 101 1111 11011111) 01111 1111311 10 11111 0116111111

1011 iViby 1111 03 frit 111 113, 1111111 0311111. - 0101111001, 1. 19. Novembris. Ny
1111111111. 81111. V. 126-27.

19. 10101, 21004. 11101 1111111111 5111111111 111 01111111011111 81111 11113, 1 11111111 hen
beklager 113 0111, et 011311111111 1 11111111 ikke 11111111110111131 11 ny 111311111111311

6111111 1111111111111 00, 03 11111111 113 11 ny 131. Β1111113 111113111111. - 111.
1111. 1 1101111001. om 8113111 8101111 S. 52.

20, 3,,3, 21005. eamme 11111111 semen, Segneproest iVordingborg, 11131111111031113
1111101311 om, 11 11 111 1111111, som 11 1181111111 111111111111110111130013,1111
11111311 0311311111, 11 11 110111111111111111111111 som Snaphaner. -101111300131,
20. 11011111. 1111111111. 11111. 331.

 

