11111 11111111 1111 111111. . 1689

1111111311 1111111111 111 11111 11 111111118111111113. 1111 1111111, 111111 11. Fr. 111.
ej givet 1111 81111 11111011111, 111 111111 1111 11, »111111111111111111111111111111
111111. - 21. 1111. 18111111 11111 111111 1 omentum, 11111111 111 11. 111111. 11111 111111
pa 01111111121-16.

*19861 011111 11111 111111111111 11111111 (111111011181111111, 6111111- 21, suun.
guvernor i 8111111, 111 1111111111 111 11 1111111 111111 11 11 011311111111 1111111 111
111111111111111111Μ111 111 1111111111 1116111111111, og om 11 111 111111111118111
maa paalaeggeu 1111111 11 11111 113111 111 11 11111 ham. - 111111111111111, d. 21. 1111.
1811111111 1111 1 81111111111111 811111 11111111 1810 S. 10.

’198611 111111111111111111111111, 11 111 11 11111111 ham 11 11111111 300 1111111.
111111111111 1 1111111111. -61111111111, 1211111. (Tydsk.) 1111.1 1111111111188111119. ’

’19861 111111111111 111 111 1111111 1111111111 1 111111111111 1111111111 1111111,
1111111. 1., 11 1111111111 11111111 01111111 og sverig ville 11111111111111 11111111-
11111111 dog ikke 1111111 11111111, 1111 stille sig 1111111111. -111111111111, 2. juli 1. 11.

1811111111.) 8111111 11111, 11111. 1. 1111111111 111 81111311 11111111111111111 1111. 1111. 11111 11111 11.
1111111 S. 85, 1111. 1.

’19861 111111 (11111111111111111 111 1111 1111 811111, 11111, 11111131 hun 24. Junn.
11111, 111 1111111 0111 11111 1111 Η. L. (111111111111111, 111 11111111111111111
11111 1111111 1111. - Boua, ’‘le. 1111111 1111111111. 1. 1. 11, 111.

*19861 011111 11111 111111111111 11111111111011111 Otto 81111111, 0111111- 1111111.
1111111111 811111, 111 111 1111111111111111111113 11 1111111111 paa Bornholm og om
adskilliges Μο111111 mod 11 11111 1111111 111111; 111111111311 111 111111 1111 1111 111-

111113, 1 8111111 111 11 11 11. 1101111111 givet 11111, 111111 11 11111111 1111111111-

stykker. — 1111111111111111, d. 24. Junii- 18111111.) 811111. 1 81111113111111811111 111111111810
S. 10-11.

*19867. 11. 1111111. (111111111111111111(1111111111ιί1 18111111, 11 111 1111 11, 11111,
1111111111111111111 11 111 111111111111, 11 111 ikke vil 11111111111 med dem,
som ikke have 111111 1111111 111 1111111; 111111 1111 maa nogen 11 1111 111111 1111311
111Ε1111111111111811111111; han vil ikke gaa 111 11111 111111 111 111111111111
11111111111 11111111- 1111111111, 211111. (811111.) 1111111. 111111. 1 1111111111, 111111
1111111111 11111111 ΙΙ. 39. 111111. 1 8111111111 1111 81111111111111 1868-69 S. 92-93‚ 96.

*19868 11. 11.11111111111113118111111 og Bispen iSjaelland at 1111111, 111 1111111.
111 11 813111111111 1 fljertebjerg paa 111111 1116111111111111 udgivne 1111111111 111
111111111131, 11 11111 1111111111 1111 11111111111111111111111111111111, 111 1111-

11111 111 111 1 Sognet liggende Elmelundgaard. - Hasna, 1. 26. 1111. 111 1111111111.
81111. 11618-19.

*19861 011111 11111 11111111111111 11111111111611111011181111111, 0111111- 1111111.
guvernor 1 811111, 111 111111111111 1111111111 1111111111111 og Baadsmandsudskrivningen
111 011111111 11111 111 Μ111111 111 8111111111 Slot. - Hammarskuw, 1. 211111.
(Svensk.) 1111111111 8111111 11111111 1810 S. 11—12.

12664. 0111 6111111111, 0111111111 11111. 1111111. 0111111111111 1101111111 126. 0111 2231„st
1111 1111111881111. 89.

*19810 11.1111111.111111111111111131111111111111111111111511111111111111 1111111.
1111 11111111 0111111 11111111, 11111 1111 1111 0111111111 og 1111111111111 1 1111 1111-
111111. - 1111111119,28.111111. (Svensk.) 11111 8111111111111811111111111111868-69 1191

 

