5. Aprilis.

8. 11111111.

8 11111111,

11. Aprilis.

9. (iiii.) 11111111,

*19181 1111111 1111111111 111111111 11111. 11111111 Wiiheinr 118111111111113, 11
11111118111111111181111311111111, 1111111 1111 11111111 1111111111111 iil Danmarh

som 111111131 111111 111 11 111111111 1111 811113. - 11111, 4. April. 1111111.) Uri. ι
rorensi 1. 11111 1. 11111. Friedrich Wiiheim 111 111111111113 vii. 16-17,

’19181 111111 11111111 1111111111. 11111111 11. ih. 111. οι11111111111111 mod
111 811311111311 11111111, 11111111 11111 11111111 11111111 11111111 ham Resirup 1111111-

31111, 11111111111111 11111 ham 1111 11111 13 Β1111. -111111111111111, 1. 27. Μ1111.
81111. 1. 11111 11111. 13 11111131. 11111. aii-50.

*19182 11. ih. iii.’s Beviiiing 111 1111111 [11111113 111 11 111111111 Lumper 13
ΡΙ1111113 111 1111111111 1 1111111111 [11111111 111. - 11111, 81. Martii. 1111111, sinni-
1111111833.

*19181 11111111111131111 111 11 11111111 111111111311111111111311111Τ111111.
111111311111111111111111 11111111 113 111 11111111) 13 11111 111 11111 11111111, 11111
1111111111111, 1111111111 ikke 111311 Μ111111 11111 1111113111, 1111 111 1111 11111
3111 111111331 1111 1111111. - Af Himmersyssel‚ i Fasie i Maris 11111111. 11111. 111111
iiiut. 13 ’11111131 viii. 819.

*19181 1111111111, 11 11111111 1111111111 1111 8131, som 1111111 311 81111111
11 1111311111, 111 1111111 11111 1111111111 11111 11111 111331 pha 13 holder Foged 113
1111 1111111 131111116111111 11 1111111111; 13 1111 111111111111 11118131 111 111
1131 111 (1111111 1111 13111311111111. -— 1. 111111. 111111.11111111,11111.1111111. om 11111111
11111118. 162.

*19185. 111 1111111111 Murri 1111111 111 111111111 1111111 1111111111, 11 fl. 1.
io: 11111 1111111111 11111131111111 1111 1111111111 med en 1111111113 1111111111 11111,
1111 1111 111 11111 311 11111 111 1111111311. - 111. 111111,11111111111111113111,

*lii186. 81111111111101111111111111.11111111111131111111111, 11111 han 11-
1111111111 111 111111131 113 med 111 811311 Νἰ111 Ρ11111113. -- muhaniam, 1. 8. Aprilis.
81111. i. 11111 11111. 13 11111131. viii. 350-51.

’19181 011111111111 11111111 1111111111 1 1111111111 13 111111 1111111111, By-
111111111111111111, 1111111111 1111 111111 (1111111111 1811111111, mod 11 han 13
1111 Ε1111111111111 1111 11313111111 1111111111111 111 11 11111 13 1111 11111 16111111111
- 8 April. 11111111111111111111.2.11.11261-65. ,

*19188. 1111111. 111111111111111111111111111111111111111111111 11 81111111113 om
(1111111111111111 1111111 1111111111111111 111 1111111111 13 11111111. 1., 111111111111 11-
111111, 111111111111 111 31111, 13 11 111111 111 11 1111111113 11111· mod 811113. -
Amsierdam, 18. April. 11111111.) 11111. 1. 11111111. 611111. 11111. Friedrich 1111111111 1118111111-
1113 1111. 47-48.

’19189 811111111 111 111 11111111 6111111111111111111111[11111111118111111111
1118111111111111111111111111, 11111 111 11111311 113 over 1111111111 111111 1111111
ham. - 19. April. (81111111.) hauri 01111. i 1111111111. 811111. 3. h. 111. 654.

’19191 1111. 131111111111Ρ1ο111111111 111 1111111311 1811111113, 111111 for-
111311 1111111131111111111111111111111 13111 11111111111111 1111111 1111111111 81111111
1111331111 1181111111111 11811111111111111 13 11 11 11111111811111111111111131.-

0011111111, 2911). April. 1Τ11111.) 1111111111,11111.111111111111.111111111111111111111111,
111. 111-1111111. 111.

 

