11111 1111111111 111 11111111.

11011111· 20928. 11. 11. 111.’1 11111111131111111113 111 1111111 1111111111 1111111111,11111
1111 11111 1111111111 111 81111111 1111 11111 11111111 1111111111111 11111- 1311111113
11111111 111 131. 111· 1111111111. - 111. 0111111. 1111.111131111,11111111111111111111111111·
1111111 8 92.

11011111- ·20929. 1111111131 11111113 111 1111111111111111111111, 11 11111 111111111111·
111111311 1111311, 1111 111 11111 (111111111111 1 11111111111111111 1111 1111111111111
111111311131111 11111111111. - 111. 01111111. 111. 1 11131111,111111111111111111111 111-
1111111 8. 92. ”

11011111· ’20930 11. 11. 11131 11111113 111(1111111111111111111111. 11111111, 11 111 1111
1111111 113 111 Ν11113 11111113 13 31111 111111 1111111, 11 Μ1111111 111 1111 13 11111111
111 1111111 1111 1111 111 1111111111 11113111 1111111111. - 111. 0111111. 1111111131-
1111, 1111111111 81111111111111 1111111111 S. 93. .

11. octobr. ’20931 11. 111. 11131 1111111131 11111113 111 111111111111111111111.111111111,11
111 1111 11111 3111131 1 1111111 13 11111Μ111111111181111111111 1111.-111.0111111.1.
1111. 1 1111311111, 1111111111 81111111111111 1111111111 8. 93.

11. 0111111. ’20932 1111111131 1111111131 11111113 111 (111111111111 11111, 11111 1111 1111
11111 311 11131 111 1111111111 1311111111 11111111111, 1111 111111 1111 11111131 111
11113111 1111111111. - 111. 0111111. 111. 1 11131111, 1111111111 111111111111111111111 191

11. octobr. ’20933 11111. 111.’1 11111113 1111111111111111111111, 11 11 111111111111111-
111111311 1 1113111 Stat, skal 111 1113111 113 1111111111 13 11111 1111111111 1111 11111
111111 11113111 111111111113 1111111 01111311111. - 111. 011111). 11111 11131111, 1111111
111811111111111111111111111 8 91,

11011111. 20934. 11. 111. 11131 11111113 111 111111111111111 1111 111111113 011111111111111
8111111111, 11111 11111111 11111 31111311311111 1111111311 111 11113111 13111131-
husets 11111111. - 111. 01101111. 1111 111131111,1111111111 81111111111111 111111111 S. 93.

11. 111111. 20935. 11111111111 111113 1111(111111131111111311131111111111 1111113111 ¹
11111131111311. - 11. 011111. 1111. 1 11131111, 1111111111 1111111111 1111111111 189-90.

11. Octobr. 20936. 111 1111 1111111113 1111111111 1111 1111311 111 11111111111111111111
13 11111111 111111111111111111111111111 13 1111 111 113 11111111 11111111 111 11 11111

813111111111 111 11111 1111111 13 1111111111 81311 1131111. -— Hasnioe, 1. 11. Octobr.
111 1111111111. 81111. V. 691-92.

11. 011111. ’20931 11111111 111111 1. 11111 11111111 1111111111331111, 11111111131111
111111111 13 (1111 111111 111111 11113 1111111118111111 13 111111 11 111111111131111.
- (Imp, ll. 0111. 1111111 81111. 11. 3111-16.

11. Octobr. 20938. 1111111113 11 (1111111111 81111 11111111 13 11111111 1111111111 1111111111

11111111 111 11111111331111, 111 11111 1111111113 111 11111111311 dem forst 11 118111111, ,
111111 1111 1111111131, 111111111131111 13 1111111111 13 1111113 1111111111 111111- ’

111111111111111111 11111111. - 11111111, 1. 11. 011. 1111111111111296-99.

12. Octobr. ’20939 1111111111 11111111 1111311, 11 111 11 11131 med 011111311111 13 ’

111311111111 111 111 11111131 11131111 113111113111111113 11111111111111111, 1111
11 113 111111 1131181111Ρ1111113111111111111111111; 111 11111111 11111 11 1111111111

11111111111113 111111. - 1111111, 12. 01111111. 11113111, (1111111111 vs· 1111111111 181-111

1111111 811111. 111. 11. 111. 11131111, 1111111111 81111111111111 1111111111 8. 96. 1111111. 11111111, 111-
1111111 1111111111 1 0111111118. 11.

 

