111111 8111111111 111 111111. 1715

1659.

’20156 111111. 11 81111111111111113111131111111111111111111111111, 1181111113 111119111ῦᾶ1-
111111111111111. 11811113, 13 11111 om, at 1111111 81111 maa 1111111 ham. — 81111, 19.
Jan. 18111181.) 1111. 1111111111. 111111. 1. 11111. 8111111111111111111111 8111111111311. 193-91.

20157. 11. 811111. 11111118111111111111, 11111131 11111111 11111111, 1111 1111311 1
11 11111 11 11111 11 81111111 111 111113- 111121111111 1111111. 1 11111 1111111. 1. 11. 1111.

*20158 1111111111111111111131111.- (D. 1211111111· ⁸¹⁸¹· mm· 4· Β· v· 387-91. 12, ,anm

*20159. 11. Fn. 111.’1111111113113111111 11 1131. ’11111111 1131 1311111111113, 13ο ,mm
11111 11111111 1111111111. - 10. 13. Ianuar.) 11111.1111111.4.11.1.398-401.

’20160 K. 111111 X. 6111111 8111111111 111 011111131111111111111 11111 81111111 11111111,
i 011111 111 11 1111111 8111111111111 1111111111113 1111 11111111111111 13 113111111
11111111131111111111 1 8111111111 13 Μ111111111 111 2-3 11311. - Bromhoy', 13111111.
(Tydsk.) Udt. 1111111111111118111111111111111111111871 S. 130.

20161. 8111111111311-1111111131 81131111111111111111311 111 111 af 81111111 1411111111.
1111111 ’113 111 Sjaelland3 det udtales‚ 11 man 11111 maa 1111118111; 0111111111
1111111 71111111111111111 111 6000 1111111113 [1113111111 111 11111 8111111113. - 813111,
14. lan. (Tydsk.) 111113811111111111.1.1111111.1.11111.1.1111181111111181111111111 8111-
11111131111. 598. ν

’20162 111. cons 1111111111111111. 1181111111113 111, 1111181111111 111· 17· saunas.
11111113 har 011111111111111 11111111111 111113111111 8111111 111811111, 13118111111311
111111 11111111 11 1131111; 1111 111111 med 1111 01111111113111, men 13111 med 11311
.Τ1111, 8111111111 11811111111118111113111111118111111111111. —- 11113, 11111. 1711111.)
11111. 13 811111. 1 1111. 1. 11111111 1. (11111. 1, 11111. 8111111111 wilhelm 111 81111111113 Vll. 169-70.

12398. 11111111111111118. 119-11111111111111111.) 11111111,81111111111111111111- 18, sanun,
1111111 111. 161.

*20168 11161111 meddeler 11111. 1181111111113, 11 111 11 (1111111111111111 11111111.
111111311111111111111811111, 1111 11111 611311 111 11311 111 11 11111181111111.

- 111113, ἓξ. 1111. 1Τ1111.) 811111. 1 1111. u. 1111111. 1111111. 1. 11111. 8111111111 wilhelm 111
81111111113 111. 171.

*20161 111118111111 1111111111 111 81111, 11 1111311 11 1 8 8131 11111111 21. 111111.
1 111111 11111111111111 11 811111; 11111311111 1181111113· 111111111118111111111,
111111111111 11011111 1111131; 11]·1111111111111 11111 11111111 113 111 111111 Μ111.-
(1111111311), d. 21.1111. 1811111111.) 1111. 1711111131111, 8111 11111111. 1111219.

’20161 811111. 1111111111 111111111111111. 1181111111113, 111 111111311111111 11113133
11111111 113 11111 111111 11111111111111 11 (1111111111111111 8111111113 111 81111111 Til·
113111111111, men athan 1111 111811111111311111, 1181111111111 ikke 11111 111311 11111
81111111111111; 11 1111811311111 111 11111 11111 111 111111 111131; man 1111111111
81111113 8111111111311 1118111111111111181111113; 111 1111111131 8111111 111 1111311111
11111313111111111111111111. - 11113, 31. 111111. 171111.) 111113111111.11111.1.1111111
1. 61111. 1. 11111. 1111111111 111111111111 81111111113 711171-72.

’20166 11111. 11 81111111111 1111111111. copes 111111131111 1111111111111 11111111.
81111111 111 111 1111111111 8111111111113111111111 111 811111, som i 1113171111 111
111111111111111311811111; 1111131 skal han 1111111 (111111111111111 111 111111111111-

portskiho. - Ripen, 23. lan. (Tydsk.) 8111111111.1.1111111.1.01111.1.11111.8111111118111-
11111 111 81111111113 vn. 172-73 811 1111111 81111113 311111311’“Ιι 13 ῑΙι 1619 111 111113.

2. 111111.

 

