8111 1111111111 111Τ111111. 1591

1653.

’18740 1111111131 81111111 111 01111111 111111111111, 11 111 11111111 maa 2211111111-
1111 grave 1111111 111 811111111 1 8111111 og 1111111 11111 111 111 111111. - ”1 .
811111. 1 811111, 11111. 1111 8111111 811111 S. 54. ·
’18750 11. 11111131 811111111 111 111 1111116111111 1111111, 1111111, 111111 23. Aprilis.
1111111111 ham 1111111111 6000 811111 111 111111 111 1111111 1111111 og 11111 11111111

1111111111, 111 111111 1111 1111111111 1118111111111 1181111111111.--23.1111. 8111111.
p. 11111111 Gigas, Grev 811111111111 1111111111 S. 183-84.

’18751 811111111 111 11. Fr. 111. 111 11. 11 8111111 1111111111 8111111111 11 11 301111111-
1111111111 8111111111, 111111111111111 11 111111, 1111111 81111111 11111111111111. -
30. Apr. (Latin.) 111111 811111. p. 1111111 81111. 8111 8111111111111111111111 S. 183.

’18752 111111111113 111 111 1111111 11111111 1 8111111111 11111 1111111111, 301111111-
11111 11.1. 11111111 Mogens floegs 1111111111 111 811111 11111 1111111111 1111111 111
Ν11111111111. - 10. 1111. 1811111.) 1111. 1111111111 1111111111111111111111115.

11245. 11111111111111 81111. 1111111111. og 1 1111111, 1111111111 1111181111 S. 391-413. l· 17111·

’18750 11. 811. 111.’1 11111 8111, 1111111 111 1111111111 3000 8111. 1111131 11 111111·
111111111111111111113111 111 111111131111111111811111111 111111 1111111, 11111111 11111

111111111111111111111 11 1 1111. - 111811111111111111, 1. Maji. 8111111111111111·
111. 7111 111. 11245. 1111111,1111111111 regn! 111111 8. 423.

’18751 11. 8111131 11111 8111, 1111111 111 assignem 160011111111111111 1. 11111.
ᾱθῑ 9081230551 Κθ881111118111111 1 Norge til 111 11181111111111 81111111 111111 1111111,
1111111111311111111111111111111111 111 1111, og 111111 1111111 11 1111111111 For·
pagtere 11 8111311111, 1111 11111111111 (11111111111111 1 1111111111, 111 111111 1111111
8111111 8111111 11111311 og Leonard Μ1111111, 11 111111 1111111118111, 1111111111
lover, at hvis 111111111 8111111131 11111111111111111, 11118111 11111111 tages 111 111-

113111111171111111111 111. - 1118111111·οό1111111, 1. 1. Maji. 11111. 111111111.111.111.9
111111. 11245. 11111111111111111 011111 S. 424-25

’18755 11. 811.111.’1111118111, 1111111 111 1111311111 2000111111111131 11 114111-
1111111111111111111 til det 111111111111111811111111 auden 1111111, 11111181 11111 11

111111111 1111111111111 11 1 1111. - 11118111 1111111111, 1. 1. 111111. 81111. 11111111.
811. 111. 12111111. 11245. Wolff, 1111111111 regni 011111 8. 427-28.

’18750 11. 111. 11131 11111 8111, 11111111 1111111111111200011111. 1111111113· 111111-
111111111111111111 111 111 1111111113111181111111· 111111 1111111, 11111111 1111111

111111111 1111111111111 11 1 1111. - 11118111 1111111111, 1. 1. 11111. 81111. 1111111111.
811. 111. 14111111. 11215. Wolff, 1111111111 regni 1111111 S. 129.

’18757 11. 11. 1113111111 8111, 1111111 111 111111111125008111. 111111- l· 11111·
111111 1 8111111111 11111113 111 111 1111311111111111 81111111· 111111 1111111, 11111111

11111 11 111111111 1111111111111 11 1 11111. - 11181111111111111, 1. 1. 111111. 1111.
1111111111. 811. 111. 16111111. 11245. 111111811111111 regn! 0111118480-31.
’18758 11. 81111131111118111, 1111111 111 1111111111 2000 11111. 1111111 11 1- 11111·

’111111111111111111111118111111111 1111111111111111 8111181111 111111 1111111, 11111131

11311118111111111111111111111111111. - 1118111111111111111,1.1.111]1. 11111. 11111-
1111. 811. 111. 18111 111. 11215. Wolff, 1111111111 regni 111111 8. 182-33.

’18750 11. 111. ulls 111111 8111, 1111111 111 1111311111 2000 8111. 1111111 11 1. 11111·
7111111111 1 1111111111 111 111 111111111131111 compagnis· 1111111 og 111111 1111111,

11111111 11111 11 111111111 1111111111111 11 1 1111, - 11118111 1111111111, 1. 1. 111111.
811111. 1111111111. 811. 11120111 111. 11245. Wolff, Encomlon regn! 111111 8. 131-85.

200.

 

