11111 (1111111111 111 111111.

*10191 11. 11111. 111. 11111111111111111111 11 11111, 11 111 1111111111 Fru 1111
1111111, 111111111111111111Ε111111111111, 1131101111 11 11 111111 1311811111, 11111111-

11111 1111111111111 1 011111. - 1111111111, d. 21. 1111. 1111011111111111131111111
S. 1111111-1111111.

’10491 111111111111111111111511111111 til Landgrev Moritz 11 1111111, 11111

v 1111 1111111111, 11 1111111111111113 1111 Η111.11Ν1(11)1131111111(11111111111111113, 1113-

21. 111111.

4. 111111.

11. 11111.

13. 11111.

16. suni.

1111, 11111111 13 (111111111111111 111 1111111111 11 sende 1111111111 111 11 1111111131 For-
11111111311 111 111 1111111111 Sag. — 1111111113, d. 1111111. (Tydsk.) 11111. influet,
11111111. Acten 1. 111111. (1. 3011111. 11111311 11. 283-84.

’10491 1101111131 01111113 111 11111111111 11111111, Fyn 13511111 om
1111111 111113 11 111111 111 mange 111111111111111111111 og 1111111111 1111, 1111111
1111111111, 111 11](1111111111 111 11111111 1113111111. - 1121111111. 11111. 1 11111111,11111113
Natmandsfolk 1 [11111111 S. 41.

’104911 11. 1111111. 111111111111131111131, 11 han 111111111111111111111 over
11 1 11111111 1111111 113111111111311111111111 disse over 111111111111111113, 1111111111
11 11111 1111111111 111 1111111113. - 11111111, 1. 21111111. 81111111111111113111. 1111. 151.

’104911 111111111115111 111111111111111311 om, at 111111111111111111 1111-
111111 81111111 1111113111 gode 1111113 1111113111. Hans 11113, 81311111111111111113-
31111 111111 1 11111111, 111 1111181111111111111 og 11111111113113111111111111111 1111111111
1111111111 Μ. Hans 11113 11111 11 auden, 111111 1111311 1111111 11111. - 111111111αῇ11,
d. 27. lunii. 111111111111.81111. 11. 100.

*10500 (1111111111 1111111111 Skrivelse til den 11111111111111131111111101111,
111111 1111 11111111, 11111111. 11 11111 har 111111111111111111111( 111 11 31111 1111111111
111111111111311 11111 1118111111111111111111111111111111. - Heidelberq‚ 11129.11111.
(Tydsk.) 1111111111. 13 1111. 1 1111111, 11111111. 11111 1. 1111111. d. 3011111. 11111311 112811κὸ0.

*10501 Β111111 111111 (1111111311 1111311111111 1111111 111111 en 11 1111111111111
1111111111 011111, som 1111311 111111 11111111 Byen. ἠ 1111311, 4. 1111. 1111. 1 1111111
1111311280.

*10502 1111111111. 1111111111311111131 11 11111111 1111111111 1 hans Len at
11111 1111111111 111 51111111 11111 [1111111111 11111113, sordi det 1111113111, 1111311
Orlogsskibe ville gjore 11113113, 13 111111111111111 at 1111111 11 111111, som har 111111
111 11311111 81111111. - Hasnioe, 1. 11. 11111. 811111111111111. 13111. 1111251-51.

*10503. K. Η11111111. 11 1111111311 81111111 111 111011111111113111,1111111111
1111111111111. 11 Β1111111113 som 1111111111 med 11. 1111111111. —- Paris, 11 1111111111(
de 11111111. (11111811.) 1111111111.1311111.1111110111111111111,111111111111111.611111301111.
11111311 11. 300-301. .

’10501 11. 111111. 111. 11111111 1111111111 1111111113 13111311111131 1 1111111113 11
1111111311111113113 11 1111111 Tropper 1111311, 11 1111111131 111 1111111111 1 (11111111
13 11 adsparge 1111111111 1111, 111 de have 1111131111111118111. - Hafnioe, 1. 111111.
81111. 1. 111111 11111. 13 Top. 11111. 252-53.

*10505. Kurbrandenburgsk Raad Bmms 8111111111 111 11111. 11 3111111113,
1111111111 11. 1111111113 311111 synes 11111111111 111 1111111111 sag 1111 1111131 11. 11

11131111130111111111111111(1111- 111111111111161111. (Tydsk.) 1111111111311111
1111111, 1111111 u. Acten 1. (111111. (1. 3011111. 1111131111301-303.

 

