1611.
4. iunii.

9. 16611.

10. lunii.

11. 16611.

12. 16611.

13. 16611.

11. 16611.

16. 16611.

16. 16611.

18. 16611.

18. 16611.

18. 16611.

nl. iunii.

888 Kosn 6661611111 6111 1116661.

’10686 11. 11166111. 6111161 16616 6116666 666961366161 61 61611 11 666 01661
6661611811616116116111111316111 663161611661111181611111161 16161 163166 61 16 166611 .
66111116-111161, 11. 4. iuni. (8116611.) 1111161111.18111661111,1161616116161.1111.143.

’10681 1161666 11111161 166616111 11166161 Christian Fris 16 116 166166 11
11111116 11111116 1191631, 111 6111166 ham 61111 6666 1111136163. - 66111611, 1916611.
1616611116. 116 616116161611, 111. 208.

’10686Ι 9666611161666 61161111 11666111 Christian Fris 661 11 1616111111 1163116

66111663 111116 Lejr m. m. - 16 6616361163 sor 6616161 11166, 1666 10. 16611. nannetem.
116 (11611666166. 11168-169.

’10686 11. 6116. 111. 6661111111 1111111161 111 116116 111611661, 6116 16161 6166
81111163 6616 613161181111116366 6161166613 63 66116116111111 11161 6161 1661116163,
6161111 6111 166 6116616 1161 661 16661 111 11116161 111 11 311 mod 11611611; 11 616116
611616 11111 161 1816111661 6161 116116 161 111111111611666631. — Solviisborq, 1.
12. 11161. 661616,11616161111316 S. 116.

’10681 11. 11161111. 611111111 116611 Μ11666 616 16166161 111 11111611 1. 111661
63 6116111 6661 61 1611 616 9613116616 9611161 63 816661 1111616161, 1611. Chr. iv.
har 161111 61616 Μ61161616 med heis sin 661 111 0616616163. - 163161 6111 colmar,
d. 12. Juni. (Svensk.) 61111616111111616166161.11111170-’111111145-46.

’10688 1111166111. 1116111161 01666163 christina 661 616 16166161 111 11616161
d. 12. Juni, 661 616 6111136 111616 6111 166 116611 1161 63 616 11. 6611611666 11-

rejse tii 1111161111. - 13. Juni. (Svensk.) 1166166113,(166111111161116111.165-66. 8111116111.
16161616 6161. viii. 166. 661616, 11616161111316 S. 112.

’10689 11. 11166 111. 6116111 11116166 Person 6111. 11 661616 11111666 1 6611163
86116 61616 63 1611 166 31611 111611611111111163. - 163111 6111 11111611, d. 13. 1661.
1811661.) 1116161. i Sylvander. 16161616 6111. 1111111.

’10690 1166166 1111116611 61111111 11666111 Christian Fris 616 16 611611131 For·
hold 161 11616161, 61611663 11611 6111 66 611111316 11616111111111 1166611. -166 66-
16311663 sor 6616161611, [hen 14. 16611. 1616611116.11666611616116.11.109-10.

’10691 11. 11166 111. 6616111 811166111116 1 1661166163 1166611 16 16661161 1166311
111 11116161, 16 11. 61 01616611 111111 6611 616 1113661131 111 11611661. - D. 15. 1661.
(811661.) Brudst. 1 8111166111, 1161111616 6161. 11111. 110.

’10692 11. 1116611136 8161 111 11. Chr. 11., 61611 666 11161111 1111 mod ii-

sinaelsen 61 11611611 By. - Ex 1611116 cis 0616616166, 1. 16. 1661. (811661.) 6111
8111116161, 16161616 6161. vin. 116.

’10698Ι 9666611111666 61111111 11666111 Christian Fris 616 116 61611 11116311
66116116166166 1 111]166; »16616111 111 1116 1761616163 166 1163 11111111, 661111 sinaei
os selva. - Im 16361 sor Calmer, then 18. Iuni. Α616661616.116016116116166,11110.

’10691 Κ. 11166 111. 6611111 116661 Μ61666 61 1631161 116 116616 1161 1
9611161 63 11 16136 1161961161, 6116166116311166111616161. - 166111 vid linimur,
1. 18. 1161. 1816661.) 1161111111 6111111611,166111661116611.

’10696 11. 11161111. 6161111118111661111611 8166166161, 6111 1616611116 11611
61616111166116 111 11116161 8661, 6161 161 661661133116116611 81166. - 113161 nid
Kalmar,d.18.1uni. (Svensk.) 11161111111811116111,161661161611111.178.

’10696 1661161 161 16 1116666611 63 811113616116116 611111161611 1116161161,
66661 61661161661116616, 6161161111 616116 11111 1611111166 01166611111161 16111116

 

