111111 1111111111 111 111111. 1613

*19349 1111 1111111111111111111111111111111 1111111 111 111111111111111111111111, 211 ffir-

11 1111111111 111 111 11 11111111 1 stand, 1111 111 1111111111 111111111111 111 11111.
111111 1111 11111 1111111111 1 11111 111, 111 [neget 1111 111111. 1111 heder om 11111 11 11111
11311 om mgsmarskens 13113111111111111111113. 1111111 111111111, 1111131111111111111
111111 1111111111, 111111 111111 1111111 111111111111 11311 111 111111111 111111111111 1 11111-
1111111. - [1111111111121111. 1811111.) 111111111111111.1111111116-81.
’19359 1111 1111111 11111111111111111111111 1111111111 111111 8111111111, 111111 2⁷· 111111·

11111131111111111111111111 1111111 111 egen Regning. 1111 siges, 11 1 11111111111111
11111111 1111111111 Christian 11111 1111111111111 1 8111111, 1113111111111 1 1111111 og 1111-
1111, 1111 11111111 1 111131. 1111 1111111 sig, at 11 1111111111 111111 111 1111111 1111111
11111111. 1111111111 sig, 1111.111.111.111111111111111 over 11 1111111111, 111 111 111

11111111111111111113111131111111111.- 111111111121111. 18111111 (11111111, 1111
111. 111111. 11. 417-18.

*19351 1111 1111111111111111 61111111 11111111, 1111111 8111111111, 1111111 11111111- 19111111·
iyrsten bi. 1. om den 11 1111111111 111 25. 111111 111 911111111111 1111111 Tale, 111111 han

11111111111 1111111111111 11111111 811113 og 111111111. -— 1111111, 29. Ianuar. 1111111.)
1111111. i Urk 1. 1111111 1. 611111. 11. 11111. 1111111111 wilheim 111 111111111111111. 181· 89.

’19352 111 1191111181111111111111111111,11111111111111,11911111111111111 39111111

11111111 11.1·’1.111.1111111 mod Sverig. - 9. Febr. (iioilandsk.) 111111111111 1111111-
1111111111, 1111 1191111 1. 252.

’19351 1113111111111 1111111 9111111 111111111 med 111] 111111 111 111 1111111- 111· 111111·

111111111111 1111111 1111111, 1111111111 811111111113111111111111131111. - 31. 11111111.
1111. 1 111111, 111 11111 S. 28.

*19351 1111111111111111111111111, 1111111111 0111111 apud regem 811111, 11 31111111·
qua scribit, 11 cum legato 1111111 prohibuisse, 11 Poloni mediantibus legatis Gallicis

paoem 1111 81111111111111. - 11111119, 11111111 10. 111111 11111111111111111111111.
Lxx. 281 11.

11811. 111111111111. 11111·
*19351 11. 111. 11131 111111111 111811111131111 1111111111111118111111111111111- 4· Febr.
purger, 11 1111 1111 1111 1111111 111111111 1111111 Β1111 11111111 1 1111111111 og 1111 ,
Portene 111 detes Gaarde. -· 4. Februar. 1111111111111,11111111111111111111111 1111111111.
119351. 1111 11111111 11111111111111111 11111111 1111111 111 1113111111111 Gustus 5· Febr.
11111, 11 1111 han i morgen 1111 111311111111 11111111111, 111 1111 1111 1113111 11111111
111 1111111111111111111111111. 1111 1111111311131, 11 111 11111131 1111111111 111 11
111111 1111111111 gii 11111. 111111111 11111111111111111 11 1111111 11111111 1111111311.

Rvervingerne 13111111131111 1111111111. - iijopenhamn, d. 5. Febr. (Svensk.) 11111111,
111111. 111111. 11. 188.

’19351 1111 11111111 1111111111 11111111 11111111. 1111111 111 11111 8111111111, 11 11111.
Kongen herodot sig 111111131 111 011111111111. 11111111111 1111 11111111 311111 1 stand.
1111111111 11111111, 11111111, 11 111111 1 1111111. (1111111 1111 1111 111, 11 1111111
1111111 11 1111111 111311111111, og at 1111 har iorhoidt 11111111111111 11111 1111111.

1111111131111 111111 med 111111. - 11]·111111111, 15. Febr. (Svensk.) 1111111111, 1111 11.
bibl. 11. 622-23.

’19358 111111.113111111111111111111 111111119111111, 111 11111 1111111 11. 11
8111111111111111111111111ς 111. 1. 11111111 1111111111 1111111111 Stiliing. - 1111911119, 15. Febr.
11111111.) Udi. 11111. 1. 1111111. 1. (111111. 1. 111111, 11111111111111111111111 111111111111 viii. 153-54.

5. Febr.

 

