1643-441

1643 111
1645.

1644.

1. ianuar.

1. 111111.

2. ianuar.

3. ianuar.

3. 111111.

Kone Cnnlsnmn nnn 611111.

lom-44?

’16853 6111116613 111 11111111 611111 13 11111111 111111 111 11. 611111. 11-

31111161 Toldpaalaegene. (Tydsk.) 11611. 613. Ι 1111111, Third 1111111 S. 60, 1111611 1111111111
61111 nm.

1643 vel 1645.

*16860 1111111 61111111 16 616111111161111111111 littera, in 111111 humani·
1111111111 111611, 11 Svccorum successus stupendos, 6111111111111 11 11111111 clades 11
despotin 1111111 16 ungaria 6111 invasionem commemorat. 113.111111111111111111.111-111.

1644.

*16861 111 1111111111 6111111111 1 0111111111 11166111 61111111, 11 61116111-
11116, som 61 6111111611116111 11161 11161 1110111111111111111611 111 11113101·
iysning om 116111611 1 6111111, 111 11111 11 111111 11111131 8111, 13 11 611111 611
6111116131111111111111613 11 rejst 1111 1611 11 1131111116, medens 613 61111131

611111 611116111 111 111111 1111131. - 0111111111, 6. 11. 111111. (Tydei.) 6111111, Wese-
philischo Friedens-Camaiey 11. 340-43.

*16866 111 1111111111 6111111111 1 0111111111 11166111 61111111 61 611161,
1116 111111 61 1111 111111611 61111 61111311 1 1111111111 11631111111 ai 11 Protesi i 11-
116111311611111111 6111161111 66111111111, 1311. a. 13111611, 1161 81111111 1161116
1 6111111, 1111116 Μ13111311 1116 11131 611311 16 1111. 11 1111111111 6111611, 1111111111-

111131111116161111111 Uviiljc mod 61161111111111. - 0111111111, 6. 11. 111111. (116111.)
611111111111111111111 11116111-6111111111. 343-15.

’16863 1111111111111111 111611 111. 111111111113111 1161161111111 11 Simon
11111 som 6111 11161111 1311611111111113 1111, 111 1611111 6111111 om 111111161

11 Fysik im Jungius's 61116. - 6111111111, 111 61111111. 1116111 61113 11111111
111-11611111, 1111111.11111.1113111 611111111111 S. 426-27.

’16861 811111111111111111111111 6111111111 16611111 111 denes 61111311· 1
0111111111, 11111 61 11166111, 11 611 11111111111111111111611 111 1111116111 61611111
611116111111 ikke 1111611161116111 6111111 31111 113111111161113 161111 51111113. -
1111111111, d. 12. lan. (Tydei.) 6111111, 611111161111 111111111111111111. 347-16.

66865. 11. Can. 11. 111661111611611 11111111 61101111116, 61111161 1111111131
ham 1111 11161111 11 611 11611111111111111161, 13 1116111 611 fliam, 1111111161111
11111161 111161 1611, 11111111111, 11 man 11111311611611161111111161611113. - 3111.
(Tydsk.) Udi i zeitschr. 1. 1111111. 61111. 111108.

*16866 611111611111111111. 1161111111 1111 611116111 1 0111111111 111, at
111 111 111611311 6111111166111111 om, 1116 611 1111111 61116111 111 6111111111] 111
1111111161111111111111111116111311 med de 6111111 13 1111111611116111, 13 11111311

611116116111311111111111.- 11111, 6. 13111. 11161111 111111111111111111111111111-
08114811411119158461. Cassii, 113111 imperatoris 011111131 61311111, 16 61111111, 1111111111-

11111111 11311 Hispania, epistola, in qua 111111, 11611111 11 6111, 111111111111111311

 

