1508 110011 (1110101110 0011 11111100.

fflfffuar *17801. 01110110 11 0111000110 8111110100 111 00 11000110 0000001011 01000101, 01011

00000101011100011011300000 100 01 10011. 0100010011 111 01 300 100 000, 010000 800

31101 111010 0008110010100100.- Paris, 0113. 1011101. 11100011.) 00111101,0011001111000
11100000-00011103 vul. 49-61.
00111111. *17802¹ 0010010103 01 011 0010001100 00010010010111110101100 0001000011 00

01 0101, 001 01101 gives de 01100010 000000101; 0011 00110100 0013000300 1111111300 0101100

00100100 03 11. 0100000111 0100 0000301110001001101000 011010100010111010001100. -
5000111111. (Tydsk.fl 0011001, 0001000110000 11100000-011011103 11111. 93-109.

30. lanw- *17803. 1101. 03 1100111001ιο 0100000100 111 1010000300 1 1110000013 0010113 an·

. 30110000 Νο010001300000 01 01 00100 1500 Md. 8111011101, 00 0010010103 000 000100,

1101011011 0100 00010011, 00 001000101000 1101100ῑο100 1 8100113, 00310 10011300 0111110100

1010100001030 013 00 00010310 03100110. 10. — 30. 100. 1130011 1111. 1 11111111, ven. 1.
0000100110. d. 1110101[1011010110100101.111. 116.
31. 1011001 *17804 000011111οο 01 0100010110 1 0101100000, 01011 8110000100 0010000, 00101

·4· ΜΠ 0011110 maa 001000 1000 010. 80100101, 001001010300 [1110000100 110100000, 001111100000
01 00010110 101000011030100 001 11010000, 110νο001011οη 1 8100113 0111000; 0011110010 100·
0111110301 010 11001110011000100 03 101011011130 1010110301 000 8100000101010103 10. 01. -
Uden 0010111. 1Τγ11011.) 1101.11111110010100,11000000111101110101[1011010110100101.111116-17.

31· 1101111- ’17805 0001110 11 0111110000 8111110100 111 00 11000110 1100000101 1 1111100101, 01011
01010100, 01 01101 1100001000 03011 Τ1101000100 001 000 11000110 00010001 1 1100101113 00
Meules's 0001100301001 1010100101 0010 1 0101030 101001 af 00 0000110 ’11000010 10010103.
- Paris, du 10. 00111101. (01011011.) 0011001,0001000010οε11100000-110111110311111.118-50.

’17800 11. Can. lv. 0010101 Arndt v. d. 11010 01 1000 11000 80001101 03 Adam
0013 000 11100οο13 og Frederiksborg 003110 013 111 0100000010 101 01 00111000 0011 01010
Sal med Tapetseri. - Flemborylmm, l. Febr. Burmann 0001101, 0111 10100010001011110001. 824.

*17800 [0300000100 0111101111111010101011100001100000101000300010301,
01. 0101011103 01. 10000, 001 010110 1000030 0001 000 001000. - Νο11100013, 1. Febr.
(Latin.) 01011. p. 1100011.’11“10111, Journal 101 0011111 1825111. 206.

’17808 0101 110 000 01000110 00000018111100 111 0310001100, 111011 0011 01010101
00 (1111000, 001 1011001οο 01 31100011. 11000111 0101000 03 1101000 1110030. - 2. Febr.
1510001111 011. 11131. vittam. 11111. 110 101. 1110, 111001. 101111. 141-10.

’17800 0001111 01 11οο000 03 1100111000 111 8100001000 0000101100 0001000-
003110 1 00000013, 01011 1010110300 1110 1500 8010010103 00 001111 0001000130 1100111011-
1100011001001000; 0100010000 0000000011 001 001 1010000100; 1100300 03 00110300
1010000100 013001 111 00 0010001101 0001100001010111 1 0010001001130110110101, 810000-

0101010103 0103100 01. 01. -ι 0101110, 5. Febr. 1130011.) 0111011100,110101111111011110111.
11101010011010111100101. 111. 117-18.

’17810 01101111 111 8100001101 1111 0100011000 1 1110000000 11010113 0030000110
0001110011000100, 01110301001101 01000 101 00101100000110011001100, 11010000 0100000001,

· 310000010101010301 01. 01. - 16. Febr.) (Tydsk.) 0111,10111000100.0.01111111111111.0.111111
000010111100101. 111. 118-19 (1111. 1. 82).

*17811 000 01000110 0130100001 111010100011000108111110100111 010 80010000
0100000100, 01011 000 1110000101 ham, 01 000 11000110 000000100011111 001 0031010011·
1011111110 00 1110001100 1 0000010011 1100100110 000101001001 101 000 0000110 11113 03 (111

000010 00311030 00001. - 8111011οο110, 0. 14. Feb. (81000111 01111101101011111001010111-
100100 1111 10000 0100000100 1, 4. 229-32.

 

